time,block,node,difficulty,creation time
15,8390:1,8048,,15
63,8860:1,5208,,47
167,8fd0:2,5668,,104
242,43c8:3,aba8,,75
291,94e0:3,4908,,48
300,98d0:3,df28,,8
328,9f98:4,d908,,28
413,2b00:5,2048,,84
439,d0f0:5,1828,,26
449,d438:5,1e48,,9
470,dc50:6,aba8,1500.0,21
482,0320:6,3ba8,1498,11
499,4048:6,4208,1490,17
757,a5f8:7,dd68,1474,257
937,9a58:8,d3c8,1375,180
1051,c9e8:9,4f28,1246,114
1100,a518:9,1048,1119,49
1122,f8d0:10,6d68,990,21
1151,5e80:10,8d68,886,28
1169,b3c8:11,2d68,786,18
1237,bdd8:12,13c8,757,67
1270,fd30:12,2908,757,32
1297,7668:13,69e8,748,27
1334,34a8:14,6748,761,37
1353,53c8:15,3ac8,784,18
1360,b860:14,8128,815,7
1360,bcf8:14,52e8,832,0
1388,bdd8:15,6668,849,27
1392,e080:14,8668,872,4
1423,e860:16,13c8,880,31
1455,14e0:16,5ba8,914,31
1487,7550:17,2908,939,32
1549,4780:18,af28,974,61
1664,f4e0:19,8748,1002,115
1672,36a0:19,3ba8,998,8
1675,37f0:19,5ba8,991,2
1688,3940:19,8668,983,13
1713,3f98:20,4ac8,971,24
1751,4898:20,6f28,974,37
1782,c518:20,5c88,965,31
1867,4e80:21,5208,946,84
1900,91d0:21,5208,921,33
1912,fc18:22,14a8,887,12
1981,5a58:23,4ba8,868,68
1990,8b38:23,59e8,863,8
1997,8dd8:23,5d68,855,7
2012,d0b8:24,5c88,845,14
2105,dc18:25,6d68,845,93
2136,3ba8:25,d908,862,30
2201,8518:26,5ba8,870,65
2224,aac8:26,59e8,873,23
2253,0278:27,34a8,869,28
2278,d6a0:27,29e8,877,25
2307,24e0:27,5748,877,28
2393,9da0:28,1588,869,86
2410,1be0:28,54a8,846,17
2423,62e8:29,4f28,819,12
2438,6dd8:29,4c88,814,15
2456,2588:29,2048,805,17
2483,8898:30,5d68,791,27
2505,57f0:30,5e48,795,21
2549,c128:31,39e8,793,44
2551,ff60:31,d668,794,2
2678,5390:32,5128,794,126
2702,c860:32,1d68,798,24
2837,ca90:33,a908,795,134
2885,9978:33,4c88,769,48
2889,9e10:33,5f28,733,4
2930,9ef0:34,59e8,697,40
2946,cc50:34,82e8,669,15
2966,2940:34,8c88,638,20
2976,d588:34,2588,605,10
3016,55c0:35,d748,572,40
3025,ad68:35,6e48,541,8
3049,f198:35,5908,511,24
3068,56d8:36,6ac8,479,18
3071,1d68:36,59e8,468,2
3073,63c8:36,8588,457,2
3077,6940:36,ac88,446,4
3093,6e80:36,3828,435,16
3142,24a8:37,8668,422,48
3150,6198:37,d9e8,428,7
3182,6828:37,2208,433,32
3183,16d8:37,6908,433,0
3190,17b8:37,8ac8,433,7
3202,7630:38,d4a8,432,12
3222,3198:38,dd68,436,19
3272,9d30:39,8748,437,50
3273,77b8:39,5748,443,1
3274,7a90:39,4f28,449,1
3276,7d30:39,8d68,455,2
3305,f128:40,5208,461,28
3315,95c0:39,8908,471,10
3318,6080:40,54a8,471,3
3380,6b38:41,aac8,479,61
3391,3400:41,d128,489,10
3421,37b8:42,5e48,497,30
3433,e438:42,5748,510,12
3437,5240:42,4828,521,3
3442,55c0:42,49e8,532,4
3460,5978:42,5048,542,18
3483,9a20:43,5048,549,22
3494,bf60:43,23c8,566,11
3529,6940:43,43c8,581,34
3579,7898:44,dba8,589,50
3585,e780:44,39e8,594,6
3602,ea58:44,5f28,597,16
3605,32e8:44,89e8,597,2
3615,35c0:44,6908,597,10
3619,a0f0:44,69e8,595,4
3655,a978:45,4588,592,36
3661,c668:45,1588,599,5
3672,ca90:45,59e8,605,10
3700,2400:46,8ac8,608,28
3715,4780:45,5ac8,615,14
3719,f978:46,4e48,610,4
3725,5278:46,2908,613,5
3732,5b70:46,5748,615,7
3818,b9e8:47,6588,616,85
3831,87f0:47,ac88,611,13
3846,c048:47,4d68,603,15
3921,2278:48,5828,592,74
3945,b898:48,5668,583,24
3988,bf98:49,5d68,570,42
4001,32e8:49,13c8,564,13
4106,90f0:50,1048,556,105
4109,c198:50,5d68,541,2
4118,c278:50,2c88,526,9
4143,c630:50,5ac8,510,25
4168,69e8:51,4ac8,490,24
4200,71d0:51,d588,484,32
4205,d6a0:51,64a8,473,5
4221,d860:51,4e48,461,15
4260,3438:52,d208,447,39
4309,7828:53,5ac8,441,48
4325,72b0:53,2f28,437,16
4340,c438:53,4668,431,15
4341,4278:53,62e8,423,0
4373,4438:54,2908,415,31
4380,05c0:54,a9e8,421,7
4400,0940:54,5588,426,19
4402,0d30:54,af28,428,2
4404,0f60:54,1828,430,1
4422,50f0:54,5668,432,18
4425,b160:54,22e8,431,2
4473,b668:55,d128,430,48
4479,06d8:55,1048,429,6
4490,0be0:56,de48,427,10
4506,65c0:55,59e8,437,16
4525,ce48:56,8ba8,431,18
4527,7cc0:56,5048,436,1
4542,e1d0:57,5828,440,14
4571,3f60:57,1128,450,29
4572,2208:57,59e8,455,0
4585,22e8:58,5588,460,13
4605,29b0:58,12e8,473,19
4664,de10:58,1588,483,59
4677,5828:59,49e8,484,13
4694,5f60:59,2e48,500,16
4702,c668:59,5208,514,8
4712,cb70:59,5828,527,10
4729,18d0:60,5208,538,17
4746,d550:60,1128,549,16
4809,3e80:61,59e8,557,62
4809,0fd0:61,5588,563,0
4809,5128:61,1828,569,0
4829,52b0:61,3e48,575,19
4900,5d30:62,62e8,577,70
4913,e1d0:62,63c8,574,12
4922,ec50:62,3668,568,9
4942,3470:63,5748,561,20
4974,e0b8:63,2208,567,31
4981,0c88:63,5588,567,7
4999,5a90:64,d2e8,566,17
5031,19b0:64,59e8,571,32
5040,cef0:64,5c88,570,8
5075,3d30:65,5ac8,568,35
5083,d128:65,a9e8,574,8
5111,d2b0:65,6668,578,27
5112,3358:65,5048,577,0
5123,34a8:66,5ac8,576,11
5140,a518:66,4d68,593,16
5170,f240:66,af28,607,30
5180,55f8:66,5908,615,10
5276,b630:67,4748,621,95
5291,bb38:67,d828,614,15
5293,0160:68,4748,604,1
5298,0400:67,62e8,605,5
5301,08d0:67,2748,593,3
5315,0be0:67,5668,581,13
5316,c080:68,8668,567,1
5316,c4a8:69,1208,563,0
5332,c630:69,3c88,574,15
5337,7da0:68,3048,582,4
5339,e8d0:69,82e8,574,2
5352,edd8:70,4208,580,13
5364,95c0:70,4ba8,594,11
5400,0a20:70,5e48,605,36
5415,0da0:71,8e48,609,14
5438,7d30:71,2d68,643,23
5440,cdd8:72,8588,673,1
5462,1240:72,54a8,709,22
5528,8e48:73,4588,741,65
5613,59e8:74,8748,763,85
5718,c2e8:75,8048,773,104
5721,8e48:75,d4a8,772,3
5825,8f28:76,de48,770,104
5887,54e0:77,d668,754,61
5920,6588:77,14a8,739,33
5969,d048:78,4668,716,49
5996,8470:78,5048,702,26
6007,8ba8:79,8f28,683,10
6010,ea58:79,6c88,686,3
6028,efd0:79,52e8,688,17
6072,8cf8:80,64a8,686,44
6116,0ef0:81,64a8,698,43
6120,a7b8:80,2ac8,714,3
6154,aef0:81,6f28,715,34
6158,ba58:82,2748,722,4
6161,bfd0:82,3ba8,749,2
6196,14a8:83,4128,777,34
6243,c7f0:84,6d68,806,47
6314,9a90:85,2e48,842,70
6350,bba8:85,4f28,871,36
6359,1400:85,5128,890,9
6521,1d68:86,5748,907,161
6561,d0f0:86,5208,888,39
6580,26a0:87,3908,858,19
6611,d0f0:87,5208,834,30
6747,53c8:88,1f28,803,135
6808,64e0:89,d2e8,752,61
6836,bb38:89,54a8,706,28
6857,d048:90,6f28,657,20
6865,39e8:90,5208,649,7
6894,3c18:91,8ac8,639,29
6902,7d68:90,3048,635,7
6913,da20:91,1208,618,10
6913,4ef0:91,8c88,611,0
6955,8160:91,19e8,604,41
6969,9d68:92,ac88,589,14
6971,4a58:92,aba8,604,1
6987,4dd8:92,5908,619,15
6987,f3c8:92,5ac8,631,0
6993,f4e0:92,53c8,643,6
6993,fcf8:92,54a8,654,0
7025,fe80:93,69e8,665,31
7053,c208:93,3048,683,28
7056,d860:93,5d68,695,2
7121,deb8:94,dba8,707,65
7139,8eb8:94,d2e8,715,17
7139,e208:94,3828,719,0
7188,e2e8:94,2d68,723,49
7219,9208:95,5908,715,30
7287,0a90:96,4828,713,68
7370,0d68:97,af28,708,82
7380,1828:97,5748,697,10
7469,1b38:98,5d68,684,88
7495,1c18:98,6128,673,25
7508,8668:98,4c88,656,12
7609,ea58:99,5048,637,101
7773,0e48:100,49e8,618,163
7780,7240:100,2ac8,581,6
7803,72b0:100,5828,545,23
7809,7390:100,3d68,508,5
7813,7320:101,3128,473,4
7815,7518:100,5ba8,451,1
7899,7550:102,8048,419,84
7920,a358:102,5668,401,20
7922,a3c8:102,d208,381,2
7930,a5c0:103,5208,362,7
7931,aa20:102,2ac8,359,1
7956,ac18:103,4048,340,24
7958,d550:103,34a8,334,2
7970,dd30:102,d908,328,11
7983,b7f0:104,52e8,307,12
7989,08d0:104,63c8,316,6
7999,0b70:104,59e8,325,10
8003,51d0:104,54a8,333,3
8004,5320:104,dc88,341,1
8005,54a8:104,6c88,349,0
8012,5550:104,5908,357,6
8017,5ba8:105,5828,364,5
8066,b400:105,6ac8,375,48
8082,7898:106,2128,380,16
8082,26d8:106,14a8,398,0
8086,2748:106,2ac8,417,3
8090,2b70:106,8668,436,4
8096,7160:106,5ac8,456,5
8107,76d8:106,d2e8,476,11
8109,d780:106,43c8,494,1
8112,dba8:106,1828,513,2
8139,2128:107,59e8,532,27
8181,e0f0:108,89e8,548,42
8185,4f60:108,aac8,571,3
8200,92e8:108,4828,594,14
8200,9cf8:108,5588,615,0
8234,9d68:108,6ac8,636,33
8301,bb38:109,d908,650,67
8305,bb38:109,53c8,653,3
8348,bd30:110,6c88,655,43
8417,cdd8:111,43c8,664,68
8428,26a0:111,4d68,668,11
8465,2860:112,53c8,670,36
8470,cba8:112,dba8,673,5
8498,35f8:112,5668,675,27
8504,da20:112,3128,671,5
8534,34e0:113,3c88,666,30
8558,ec88:113,6208,682,23
8561,4a20:113,3f28,692,3
8597,4be0:114,54a8,702,35
8650,6550:114,5208,714,53
8670,c0b8:114,52e8,713,19
8731,c630:115,44a8,707,61
8759,cb70:115,1f28,706,28
8772,ce48:115,4ba8,698,12
8823,4320:116,4588,688,51
8881,e160:116,2ba8,675,58
8935,9748:117,2048,649,54
8958,4d68:117,53c8,627,23
9033,94a8:118,dc88,602,75
9058,b908:119,5208,575,24
9069,1358:119,83c8,577,11
9078,62b0:118,aac8,577,9
9133,6f28:120,5ac8,544,55
9159,2240:120,6f28,542,25
9164,7128:121,5588,535,4
9166,77b8:122,5588,548,2
9198,7ac8:121,5f28,580,32
9212,2d68:121,4ba8,587,13
9220,8a58:123,5208,591,7
9245,f5c0:123,5c88,619,25
9246,e438:124,3ba8,643,0
9285,e630:124,82e8,685,39
9299,9a90:124,5828,720,13
9359,e898:125,de48,753,60
9359,5908:125,1e48,780,0
9416,5a58:126,ae48,808,57
9449,9cf8:127,4748,821,32
9500,90f0:127,63c8,840,50
9511,b630:127,af28,845,11
9579,0320:128,2ac8,847,68
9584,09b0:128,6828,837,5
9661,0ac8:129,5e48,826,76
9705,aa58:130,5d68,825,44
9725,e390:130,5ac8,828,20
9829,eda0:131,6ac8,825,104
9836,fda0:131,64a8,803,6
9904,fe80:132,d9e8,780,68
9932,a320:133,dd68,774,27
9948,eac8:133,de48,781,16
9953,b080:133,1828,784,5
10027,b748:134,5208,785,73
10079,ba58:134,4048,779,51
10196,a940:135,2208,760,117
10216,1c88:135,5c88,745,19
10239,1cf8:135,df28,725,23
10277,6860:136,3ba8,700,37
10286,7358:136,1748,683,9
10288,79b0:136,dc88,664,1
10294,7b00:136,1e48,645,5
10323,c160:137,3048,626,28
10345,8da0:137,5d68,611,22
10348,24a8:137,4f28,592,3
10351,29b0:137,5048,573,2
10353,2eb8:137,4ac8,554,2
10367,93c8:138,52e8,536,13
10406,e860:138,8128,529,39
10415,fe10:139,32e8,515,9
10424,4b00:139,d208,529,8
10435,a160:139,3748,542,11
10457,a898:139,ac88,553,22
10498,6cf8:140,82e8,560,40
10514,6a20:140,aac8,575,16
10529,b048:140,5668,587,15
10555,b668:141,3668,596,26
10581,6630:142,5828,609,26
10587,c630:142,5c88,626,5
10588,cba8:141,49e8,643,1
10627,cef0:143,3128,650,39
10629,3390:143,5e48,669,2
10664,3978:144,5f28,688,34
10682,8710:144,5d68,720,17
10721,3a58:145,3668,748,39
10741,a7f0:145,dac8,782,19
10761,f780:146,4ac8,812,19
10772,b390:146,4908,845,10
10810,10f0:146,5048,877,37
10828,55c0:147,2048,898,18
10845,15f8:147,a908,929,17
10947,a908:148,4e48,955,101
10957,cb00:148,5f28,960,9
11013,cbe0:149,2f28,962,56
11038,8198:150,2f28,964,25
11055,e0b8:149,1908,974,16
11143,ecf8:151,2c88,963,88
11246,9128:152,2748,958,103
11349,4be0:153,8668,958,102
11358,66a0:153,5908,946,8
11366,6780:154,8668,932,8
11369,68d0:153,8e48,923,3
11387,6be0:154,2748,905,17
11453,0198:155,4d68,890,66
11516,2860:156,5048,887,63
11541,d9b0:156,4588,896,25
11564,3470:156,5d68,897,22
11573,8cc0:157,dc88,891,9
11666,3048:158,8d68,914,92
11674,ab38:158,4588,914,8
11716,ad30:159,5ac8,911,42
11770,be48:160,5e48,922,54
11886,1e10:161,4828,944,115
11896,1ba8:161,19e8,940,10
11932,1d30:162,5ba8,932,35
11954,4048:162,6e48,942,22
12003,8518:163,3d68,945,48
12017,e3c8:163,5748,949,13
12019,ec88:163,1828,948,2
12044,ee80:164,8048,947,24
12064,9e80:164,8748,955,20
12211,99e8:165,4208,957,147
12252,4048:165,5e48,948,40
12323,4cc0:166,5828,927,71
12336,56a0:166,59e8,899,12
12345,5898:167,1e48,868,8
12359,5c88:166,4668,856,14
12404,ada0:168,6828,821,44
12436,7d68:168,1e48,810,32
12464,c400:169,64a8,790,28
12499,70f0:169,4c88,802,34
12527,32e8:170,3828,805,28
12695,79b0:171,49e8,835,167
12730,9780:171,43c8,821,35
12737,4780:172,5828,798,7
12845,4f98:173,4ba8,789,107
12963,5f60:174,3208,768,117
12990,4a20:174,dd68,734,27
13004,4ac8:175,8d68,696,13
13017,4d68:174,5c88,693,13
13032,c898:175,5908,651,15
13057,76a0:176,5668,642,24
13178,3a90:177,1ba8,637,121
13179,4f28:177,6e48,630,0
13182,9048:177,5ac8,622,3
13216,90f0:178,3668,614,33
13228,4390:178,de48,623,12
13250,ae10:178,2128,630,21
13278,a668:179,2d68,632,27
13302,4e80:179,3c88,637,24
13329,ba90:179,5668,637,27
13334,3940:179,d9e8,631,4
13359,3f98:180,af28,624,25
13365,aeb8:180,ac88,623,6
13381,f278:180,2ba8,621,15
13395,fba8:180,59e8,616,14
13400,9240:180,d748,608,5
13415,9e10:181,2828,599,15
13417,4a20:181,a908,611,2
13428,4ef0:181,2d68,623,10
13433,acc0:181,83c8,633,5
13511,0588:182,5208,642,77
13532,5748:182,5ba8,643,20
13591,5e48:183,4588,639,58
13611,b6a0:183,2588,636,20
13643,bda0:184,5048,628,31
13669,be10:184,6208,631,26
13672,5908:184,3748,628,2
13681,5cc0:184,6d68,625,9
13718,9908:185,4908,620,37
13785,a2b0:186,1f28,619,67
13809,c828:186,5128,624,23
13815,cc18:186,4128,624,5
13821,1048:186,5e48,623,6
13837,1438:187,52e8,620,15
13857,7b38:187,43c8,631,19
13893,1d30:188,5048,638,35
13923,7080:188,2668,655,30
13936,d160:189,5048,665,12
13953,20b8:189,dd68,683,17
14026,7a20:190,5ba8,698,73
14086,c1d0:191,5748,712,59
14136,82b0:191,5128,724,49
14173,9588:192,6588,724,37
14273,f198:193,54a8,728,99
14274,ccf8:193,d9e8,719,1
14280,cdd8:193,14a8,709,5
14314,cf28:194,6208,698,34
14367,b8d0:194,dac8,700,52
14387,54e0:195,ac88,690,20
14387,5ac8:195,4668,689,0
14403,5b70:195,8f28,688,15
14406,5d68:195,8128,684,3
14464,a0b8:196,6048,679,57
14515,6b70:196,3e48,681,51
14529,5ef0:197,ae48,671,13
14555,a9b0:197,23c8,681,25
14564,f400:197,3ac8,685,9
14603,42b0:198,84a8,687,38
14611,bef0:198,54a8,689,8
14645,f1d0:199,a9e8,689,33
14690,4f98:199,5908,698,45
14699,f6a0:199,84a8,697,8
14738,f898:199,8048,694,38
14742,62e8:199,2c88,682,4
14744,6780:200,6588,669,1
14762,6cf8:200,6f28,673,18
14775,f7b8:201,de48,673,13
14788,1518:201,6e48,685,13
14793,97f0:201,4ba8,694,4
14796,9a58:201,5048,702,3
14808,9cc0:201,4c88,709,12
14818,d588:201,5c88,713,10
14851,8710:202,2208,715,32
14876,bac8:202,8748,729,25
14947,98d0:203,63c8,737,70
14983,f2e8:204,6e48,747,36
15029,aa90:204,2f28,762,45
15059,ceb8:205,2128,765,30
15067,8080:205,2208,774,8
15089,d390:206,4908,781,22
15160,8dd8:207,14a8,797,70
15165,f048:207,5ac8,820,5
15170,f0f0:207,5d68,842,4
15191,f198:207,49e8,864,20
15196,f828:207,4208,880,5
15202,fdd8:208,8128,894,5
15218,c908:208,5c88,918,16
15225,db38:208,a908,938,6
15243,29e8:208,d828,956,17
15343,1d30:209,14a8,969,100
15389,e2b0:210,5e48,973,46
15399,1ba8:210,2d68,973,10
15402,7198:210,22e8,969,2
15404,72b0:210,de48,964,1
15436,7390:211,6208,959,32
15477,c208:212,5e48,968,41
15498,6400:212,19e8,976,20
15521,4160:213,29e8,977,22
15637,a630:214,5828,1018,115
15676,67f0:215,d2e8,1036,39
15681,f208:214,29e8,1057,5
15685,fbe0:215,8128,1059,3
15814,ff28:216,2588,1077,129
15953,cba8:217,1668,1071,138
16003,7a20:218,5908,1025,50
16083,e2b0:219,3e48,1002,79
16122,2fd0:219,5588,967,39
16132,d5c0:220,6668,922,10
16177,2198:220,24a8,916,45
16222,62e8:221,4748,896,44
16279,2f98:222,3c88,905,56
16301,92b0:222,8908,912,21
16312,7780:222,89e8,912,11
16320,7cc0:223,22e8,909,8
16331,f400:223,5208,928,10
16388,0080:224,1908,944,57
16418,4780:224,3e48,957,29
16419,a438:224,5828,961,0
16551,a5f8:225,5748,965,132
16558,7908:225,5d68,955,7
16568,7a20:225,5588,943,10
16577,7d68:225,8ac8,928,9
16610,7128:226,53c8,911,32
16615,e5c0:226,5c88,901,5
16626,3588:226,d668,890,10
16627,0048:226,5908,876,0
16637,0160:227,5908,862,10
16739,3390:228,d748,857,102
16755,de80:228,6f28,842,15
16764,a0b8:228,54a8,823,8
16771,a208:228,1ba8,802,7
16783,a400:228,d2e8,780,12
16805,c048:229,5208,756,21
16839,0be0:230,33c8,769,34
16914,9dd8:231,2128,792,74
16951,f9e8:232,d748,798,36
17036,45c0:233,5d68,822,85
17066,9cf8:233,dd68,841,29
17069,9eb8:234,5d68,851,3
17136,2208:235,6748,871,66
17146,2748:235,d048,894,10
17219,2a20:236,5f28,914,73
17276,20f0:237,5128,923,56
17316,1b38:238,5748,942,40
17331,e6d8:238,5f28,959,15
17332,a898:237,5588,971,0
17356,a9e8:239,4748,972,24
17360,0208:239,5908,998,3
17366,07f0:239,8908,1023,6
17384,b400:239,1c88,1047,18
17392,dfd0:240,3d68,1065,7
17425,3c18:240,13c8,1112,33
17479,0438:241,6ba8,1147,54
17494,3b38:241,5128,1185,14
17503,52b0:241,3908,1218,8
17516,5908:242,1908,1248,12
17527,75f8:241,d128,1291,11
17547,cb70:243,2e48,1312,20
17569,8160:243,4d68,1366,21
17570,4518:243,3c88,1411,1
17705,4748:244,1048,1457,135
17720,4668:244,5e48,1450,14
17740,4828:244,dd68,1436,20
17796,3550:245,22e8,1413,55
17855,d9b0:246,8908,1405,59
18015,0be0:247,d748,1386,159
18031,1780:247,59e8,1312,16
18115,17f0:248,5668,1236,83
18190,f2e8:249,5748,1192,75
18201,2550:249,df28,1155,10
18218,2c50:249,5588,1116,17
18273,d160:250,d9e8,1072,55
18421,42b0:251,23c8,1031,147
18435,84e0:251,2048,995,14
18449,85c0:251,3208,956,13
18457,8cf8:251,5128,915,8
18520,d710:252,3f28,873,62
18536,8198:252,5128,843,16
18614,88d0:253,3d68,810,78
18635,61d0:253,4748,777,20
18681,6a20:254,4d68,741,45
18709,59e8:254,89e8,715,28
18842,a470:255,5748,683,132
18879,81d0:255,1d68,656,37
18922,8d30:256,5ac8,623,43
18947,8358:256,af28,605,24
18954,8cf8:257,1588,583,7
18962,b940:257,5d68,575,7
18968,5438:257,d668,566,6
18989,5e10:257,1128,556,21
19004,e588:258,d128,542,14
19013,4d30:258,2748,537,9
19023,7390:258,1ac8,531,10
19035,55f8:258,8128,523,11
19039,2cf8:259,d2e8,513,4
19067,09b0:259,8f28,531,28
19078,5da0:260,5908,544,11
19093,02b0:260,6748,571,14
19104,7b38:259,3208,596,11
19107,d588:260,4588,603,2
19109,d898:261,3748,627,1
19113,da20:260,5c88,658,4
19193,de10:262,de48,682,80
19227,8f60:262,8f28,715,33
19278,e4e0:263,8588,741,50
19285,8cf8:263,5ac8,756,7
19320,8d68:263,5668,769,34
19325,e320:263,5908,774,5
19332,e5c0:263,1048,777,6
19350,ec88:264,6e48,778,17
19442,6898:265,89e8,785,92
19449,fb00:265,d588,776,7
19449,fcc0:265,8128,765,0
19478,fd68:266,4208,754,28
19501,00b8:266,5048,757,22
19511,5780:266,ac88,755,10
19517,5f98:266,19e8,750,5
19517,c2b0:265,8048,744,0
19528,c3c8:267,3668,718,11
19537,0438:267,5f28,740,8
19539,5710:267,5128,761,2
19615,c048:268,5588,781,75
19618,76a0:268,6588,790,2
19622,7860:268,59e8,798,4
19633,7b00:268,5828,805,10
19693,d1d0:269,84a8,809,60
19695,b390:269,3128,822,1
19696,b400:269,1048,835,0
19705,b5f8:269,ac88,848,9
19736,beb8:270,5c88,858,30
19777,0b38:270,5c88,876,40
19803,6c50:271,5ba8,882,25
19859,6438:272,59e8,889,56
19869,6be0:272,24a8,905,9
19959,b0b8:273,df28,919,90
19980,ae10:273,8048,929,20
20000,5898:273,5208,933,20
20001,ce10:274,5c88,931,1
20014,10b8:273,5588,941,12
20031,4128:275,d9e8,934,17
20099,c550:276,6f28,956,68
20102,1b38:276,d9e8,975,2
20119,1d30:277,6668,994,17
20144,7358:277,2c88,1042,24
20222,2278:278,3748,1083,78
20302,e438:279,5c88,1112,80
20308,d8d0:279,5e48,1122,6
20310,da20:279,ac88,1130,1
20335,db70:279,5208,1138,25
20345,a5c0:280,aac8,1136,10
20371,eda0:280,d3c8,1156,26
20461,e048:281,5e48,1166,89
20526,cd68:282,5048,1159,64
20538,e518:282,5c88,1157,12
20572,ea20:283,3908,1150,34
20653,8e10:284,4588,1161,80
20726,2ac8:285,5e48,1168,73
20820,1b70:286,ae48,1181,93
20897,1668:287,1128,1183,76
20956,2160:288,42e8,1173,58
21070,db00:289,6e48,1171,114
21182,e6a0:290,5828,1154,112
21213,0160:290,5908,1130,31
21223,0400:291,3208,1096,10
21228,0908:290,1588,1086,5
21283,0e10:292,3f28,1048,54
21317,b630:293,5668,1038,34
21385,06d8:294,43c8,1056,67
21414,59e8:294,1048,1091,29
21458,5e48:295,33c8,1116,43
21541,e748:296,12e8,1140,82
21541,09b0:296,69e8,1156,0
21557,0a58:296,4ac8,1172,16
21622,0f28:297,dc88,1182,64
21630,3a20:297,a9e8,1180,8
21642,3eb8:297,6668,1175,12
21644,23c8:297,6828,1165,1
21646,2518:297,4d68,1154,2
21691,25f8:298,5748,1143,45
21771,c470:299,8ba8,1140,79
21778,59b0:299,5128,1135,7
21818,5b38:300,8d68,1127,39
21830,f780:300,5128,1135,12
21924,4c18:301,1ba8,1138,94
22063,6c18:302,8128,1146,138
22083,7da0:302,ad68,1119,20
22095,7e10:302,d128,1085,11
22172,d358:303,5ba8,1048,76
22190,c668:303,82e8,1016,18
22220,cf28:303,5908,979,29
22229,7f60:303,2f28,934,9
22252,c8d0:304,8828,889,23
22311,1240:305,1588,850,58
22324,f358:305,2f28,826,13
22335,9390:305,6128,799,10
22337,9e10:305,54a8,770,2
22360,0240:306,54a8,742,22
22368,25f8:306,4748,742,8
22372,2dd8:306,8588,740,3
22380,e1d0:307,3588,737,8
22384,e9e8:306,df28,760,4
22389,efd0:306,6d68,754,4
22401,b6d8:306,5588,747,12
22480,7400:308,aba8,737,79
22482,5320:308,1668,755,2
22606,53c8:309,2ac8,773,124
22609,06a0:309,5048,774,3
22705,07b8:310,5f28,774,96
22716,ab00:310,5ba8,765,10
22719,ae10:310,2f28,753,2
22779,aeb8:311,49e8,741,60
22810,6f28:311,1048,717,30
22811,6e80:311,23c8,687,1
22812,e0b8:312,4048,658,1
22830,e358:313,6588,651,18
22867,a0b8:313,ae48,668,36
22882,4d30:313,5128,677,15
22949,35c0:314,d4a8,683,66
22958,5668:314,6668,696,8
23081,5b70:315,84a8,707,123
23088,d668:315,5588,706,7
23093,d780:315,1d68,703,5
23112,d8d0:315,19e8,699,19
23136,55f8:316,3e48,691,23
23158,4b00:316,d4a8,685,22
23192,8fd0:316,5668,674,33
23245,8780:317,5ac8,656,53
23251,1320:317,8128,639,6
23269,15f8:317,1048,621,18
23270,a160:317,4128,600,0
23275,a320:317,52e8,579,5
23336,a6a0:318,1588,558,60
23350,6630:318,1c88,542,14
23418,d278:319,5e48,524,67
23429,77b8:319,3588,517,11
23441,7f98:319,54a8,508,11
23471,d668:319,52e8,497,29
23484,d7b8:320,4ac8,482,13
23491,8128:320,2e48,477,6
23496,8d30:320,5f28,471,5
23522,c208:320,6ba8,465,25
23535,7828:321,5ba8,455,13
23558,aeb8:321,4748,456,22
23570,7710:321,52e8,454,12
23571,f080:322,8048,450,1
23572,f5f8:321,53c8,462,0
23572,f828:322,3668,457,0
23593,f940:322,84a8,469,20
23600,bd30:322,5f28,478,6
23613,65c0:321,4048,486,13
23613,add8:323,2668,475,0
23651,afd0:323,5d68,492,37
23657,19e8:324,1828,503,6
23678,22e8:324,df28,525,21
23694,3470:325,1588,544,15
23702,23c8:325,2048,570,8
23730,6160:326,5c88,596,27
23795,1898:327,5588,625,65
23830,c048:327,8048,650,35
23844,cd68:328,d908,668,14
23997,6208:329,5828,693,152
24006,96d8:329,1ac8,692,9
24014,9780:329,1d68,689,8
24199,9a20:330,d208,684,184
24272,b0b8:331,52e8,647,72
24293,a240:331,5d68,610,21
24387,a2e8:332,2908,572,93
24441,a4a8:333,5d68,529,54
24468,6eb8:334,2d68,504,27
24470,b7b8:333,4ac8,509,1
24479,b9b0:334,42e8,481,9
24481,0470:334,4f28,484,1
24544,0748:335,8668,486,62
24555,bbe0:335,de48,490,11
24616,56d8:336,5908,492,61
24662,f048:337,ad68,503,45
24672,46a0:337,19e8,516,10
24676,4e10:337,8c88,528,4
24704,d080:337,3748,539,28
24714,b4a8:338,5c88,545,9
24744,f940:338,1048,557,30
24832,f518:339,54a8,563,88
24859,90f0:339,5ac8,565,26
24881,9710:339,1ba8,562,22
24881,fa90:339,2208,555,0
24893,fb38:340,1f28,548,12
24956,4860:340,52e8,552,63
25024,34a8:341,1208,544,68
25039,98d0:341,64a8,532,14
25046,9a20:341,df28,518,7
25047,9ba8:341,5e48,503,1
25065,9cc0:341,8588,489,18
25067,0908:341,14a8,472,1
25091,0b70:342,1128,456,24
25096,3080:342,3128,444,5
25103,3828:342,8208,432,6
25105,83c8:342,5ac8,419,2
25113,8748:342,83c8,406,7
25129,34e0:343,5748,393,15
25132,cc50:343,4908,393,3
25136,d6d8:343,5048,393,3
25136,20b8:342,d2e8,392,0
25146,2358:343,4048,376,9
25189,9a58:344,3208,374,43
25190,4cf8:344,4ba8,374,1
25202,4d68:344,4128,374,12
25211,8ba8:344,df28,372,8
25298,e1d0:345,5e48,369,86
25330,c588:345,4ac8,372,32
25349,cf60:346,2ac8,371,18
25363,a550:346,54a8,378,14
25376,ca20:346,dd68,383,13
25392,88d0:346,a9e8,386,16
25405,c7b8:347,5ac8,387,12
25412,ef98:347,5908,390,6
25416,67b8:347,49e8,392,4
25444,6c18:348,14a8,393,27
25447,54a8:348,39e8,399,3
25459,5e48:348,5588,404,11
25481,fa20:348,5e48,408,22
25483,b160:348,62e8,409,1
25501,b630:349,3c88,410,18
25501,d240:348,5c88,423,0
25515,d550:349,dba8,421,13
25527,b0f0:349,59e8,432,11
25561,2710:350,6668,442,34
25589,ad68:350,33c8,455,28
25598,0748:350,5908,464,8
25613,0e48:351,a908,471,14
25643,a668:351,52e8,487,30
25649,0f28:351,6128,499,5
25658,1278:351,af28,510,9
25687,1668:352,62e8,520,29
25692,efd0:351,4ac8,530,4
25692,4908:352,5ba8,534,0
25709,4a90:352,ad68,543,16
25747,e860:353,3f28,549,37
25770,4da0:353,2048,559,23
25776,66d8:353,4ba8,564,6
25785,6cc0:353,6c88,568,8
25818,dbe0:354,ac88,571,32
25937,73c8:355,6e48,579,119
25965,7d30:355,8128,580,28
25995,d198:355,4208,575,30
26000,0f60:356,5ac8,565,4
26034,64a8:356,2588,562,34
26038,c710:356,dac8,553,3
26106,ce10:357,5208,543,68
26123,b748:357,dd68,532,16
26170,bcc0:358,19e8,518,46
26186,c278:358,a908,509,16
26208,cf98:358,3d68,497,21
26211,0978:358,59e8,482,3
26213,0dd8:359,2588,467,1
26233,0f98:359,8ac8,470,19
26299,a9e8:360,82e8,470,66
26299,4f98:360,5208,470,0
26373,9048:361,5128,470,74
26375,4438:361,8e48,475,1
26377,44e0:361,53c8,480,2
26393,4630:361,1128,484,16
26396,4be0:361,1f28,486,2
26399,4ef0:362,1668,487,2
26405,f240:361,6668,498,6
26421,f898:362,3748,498,16
26434,90b8:362,5e48,506,13
26443,3400:363,4208,512,8
26478,06d8:364,5908,524,35
26562,9a90:365,5ba8,545,83
26636,0128:366,6ba8,566,74
26663,fcc0:366,5208,577,26
26669,f710:366,2048,583,5
26670,ff98:366,1588,588,1
26719,a2e8:367,8c88,593,48
26721,7748:367,6d68,597,2
26767,77b8:367,1048,601,45
26825,4a20:368,dd68,596,57
26866,b898:368,6ba8,586,40
26869,4278:369,d828,569,3
26889,4668:368,5048,567,20
26920,92b0:370,52e8,546,30
26940,6a90:370,8ac8,549,20
26971,c2e8:370,5908,548,31
26972,7198:371,8048,541,1
26993,7588:371,8668,549,20
27003,5710:371,8128,553,10
27047,9208:372,5668,555,44
27050,8940:372,84a8,569,2
27050,8b00:372,3e48,583,0
27071,8c18:372,3748,597,21
27100,7898:373,6668,607,28
27162,d9b0:373,5828,621,61
27205,3470:374,8588,622,43
27210,3940:374,4ac8,624,5
27226,39e8:374,8ac8,625,15
27266,3c88:375,dc88,623,40
27275,4358:375,82e8,630,8
27283,4da0:375,22e8,636,8
27307,65f8:375,5208,640,24
27310,5cc0:376,6f28,639,2
27383,0400:377,5ba8,647,73
27430,8240:378,d588,650,46
27451,e8d0:378,4d68,666,20
27503,4c88:378,5828,678,52
27524,3ef0:379,5048,678,20
27530,e518:379,1e48,687,5
27569,e780:379,29e8,695,39
27587,7470:380,ae48,694,17
27605,7d30:380,5588,699,17
27608,e3c8:381,5748,700,3
27668,e7f0:381,52e8,718,60
27716,03c8:382,5748,721,47
27751,1400:382,5128,729,34
27803,d438:383,d748,729,52
27825,c7b8:383,d2e8,734,21
27828,cd68:384,ad68,733,3
27835,cef0:383,5ba8,752,7
27841,b198:383,5ba8,749,6
27871,b518:384,6c88,744,29
27876,3978:385,49e8,752,5
27909,44e0:385,3128,759,32
27916,8e10:385,2e48,758,7
28011,a588:386,53c8,755,94
28083,ea20:387,ad68,756,72
28161,dc50:388,84a8,766,77
28171,1518:388,8828,757,9
28184,17f0:388,5d68,746,13
28200,3128:389,8d68,732,16
28316,2940:390,52e8,726,115
28343,7860:391,3ac8,724,27
28344,8320:390,5748,733,0
28389,8470:391,84a8,724,44
28400,8da0:392,5c88,722,11
28435,18d0:392,5e48,736,35
28462,f2b0:393,d828,742,26
28517,f2e8:393,2128,751,54
28551,99e8:394,a908,746,34
28557,e978:394,5d68,762,5
28615,ea90:395,d748,777,58
28626,9dd8:395,54a8,784,10
28640,e4a8:395,4828,788,14
28665,ec88:396,3ac8,788,24
28691,f198:396,3908,797,26
28802,a860:397,33c8,799,110
28809,9080:397,4c88,788,6
28817,9198:397,42e8,775,8
28834,92b0:397,5828,761,17
28835,99b0:397,4668,743,1
28859,9be0:398,2048,725,23
28969,8c50:399,8828,724,110
28971,7eb8:399,8d68,713,1
28986,7fd0:399,39e8,702,15
29022,d4e0:400,5ba8,688,36
29027,8eb8:400,6ba8,675,4
29067,d2e8:400,2e48,661,39
29073,d898:400,dd68,639,5
29085,def0:401,4d68,616,12
29086,bac8:401,52e8,619,0
29117,bc18:402,6208,622,31
29148,97b8:402,4ac8,630,30
29191,9048:403,d3c8,632,43
29236,8fd0:404,4908,648,44
29266,87b8:405,2828,667,30
29323,3908:405,82e8,694,56
29374,4d68:406,4048,708,51
29466,ada0:407,1f28,718,91
29512,7da0:408,6c88,723,46
29535,f6d8:408,dba8,728,22
29566,b128:409,5128,728,31
29613,3908:410,1ac8,727,46
29635,aac8:410,5588,742,22
29765,f400:411,59e8,751,130
29789,6f98:411,3588,751,23
29872,c5f8:412,3748,745,82
29885,b390:412,1ac8,735,13
29893,b588:412,dba8,722,7
29921,b780:413,22e8,708,28
29948,1ac8:413,12e8,695,27
29953,7048:413,6748,676,4
29963,7978:414,8c88,657,9
29983,0978:414,ad68,646,20
29997,1908:414,8128,631,14
30015,dd30:415,3048,613,17
30037,7b70:415,5048,623,22
30071,a128:416,dba8,628,33
30073,2668:416,4588,652,1
30199,2940:417,8048,677,126
30202,6470:417,12e8,681,3
30210,65c0:417,2ac8,685,7
30214,67b8:417,6ba8,687,4
30257,69e8:418,53c8,688,42
30272,90b8:418,af28,689,14
30291,c668:418,5d68,686,18
30294,8dd8:418,5ba8,679,3
30313,e160:419,13c8,672,19
30347,b4a8:419,8c88,672,34
30375,1518:420,8208,664,27
30397,4da0:420,5908,663,22
30430,4f28:421,5128,657,33
30433,c898:420,5c88,672,2
30469,cb38:421,4128,658,35
30497,7c18:422,3908,664,28
30511,8d68:422,1908,685,13
30544,7048:422,5ac8,703,33
30570,12e8:423,d128,713,25
30618,a4e0:423,6828,723,47
30622,6080:424,3d68,721,3
30648,6278:424,6ac8,734,25
30660,6e10:425,5f28,740,12
30673,3ba8:425,5828,757,13
30741,0f98:426,5d68,771,68
30798,ae48:427,1e48,789,57
30850,f9e8:427,dba8,808,51
30874,5208:428,1d68,813,23
30895,5c88:428,1ac8,826,21
30943,e208:429,6588,833,48
30986,ea90:429,5e48,837,42
31036,1828:430,1f28,829,50
31039,1080:430,54a8,830,2
31081,1208:431,4d68,830,42
31099,d278:431,1048,834,18
31129,9b38:432,6048,833,30
31159,4240:432,5f28,845,29
31174,6080:432,af28,849,15
31192,35f8:433,54a8,848,18
31195,de48:433,82e8,862,2
31267,5048:434,d668,876,72
31271,db38:434,1c88,896,3
31287,dc50:434,4668,915,16
31311,63c8:434,8e48,930,24
31423,f048:435,5ac8,937,112
31446,11d0:435,8ba8,923,22
31481,1828:436,22e8,903,35
31586,15f8:437,8048,887,104
31589,e2e8:437,5048,860,3
31590,e390:437,8588,833,0
31599,e470:437,43c8,806,9
31664,e5c0:438,5828,778,64
31727,49e8:439,8748,753,63
31747,f710:439,5d68,751,19
31780,fc88:440,5208,745,33
31808,bb70:440,52e8,745,27
31864,7240:441,1748,738,56
31866,26d8:441,8908,743,1
31878,2780:441,a9e8,747,12
31879,2b70:441,4668,748,0
31905,2c88:441,1d68,749,26
31914,8400:442,d588,744,8
31928,a630:442,1588,756,14
31956,cbe0:443,39e8,765,27
31963,d518:442,4e48,783,7
31978,20b8:443,df28,783,15
32048,2cf8:444,a9e8,796,70
32077,add8:444,5588,804,28
32080,d518:444,de48,804,2
32100,d630:444,5208,804,20
32165,dcf8:445,59e8,798,65
32204,7400:445,5e48,797,38
32260,1b70:446,5048,786,55
32328,4eb8:447,39e8,774,68
32328,d9b0:446,5588,755,0
32340,da90:447,5c88,727,11
32346,de48:447,5ba8,707,6
32396,e128:448,5828,686,49
32404,6438:448,dac8,681,8
32419,6b70:448,52e8,674,15
32420,2b70:449,42e8,664,0
32456,2da0:450,1748,674,36
32506,3208:450,d208,698,49
32507,25f8:450,5748,710,1
32514,27b8:451,8668,722,7
32540,2f60:451,5828,753,25
32548,b9b0:451,69e8,778,7
32552,8048:451,5ac8,802,3
32569,85f8:452,4748,826,17
32602,0d68:452,d048,864,33
32654,b2e8:452,22e8,894,52
32712,c080:453,5208,909,57
32712,cac8:453,d2e8,911,0
32759,cb38:454,32e8,913,47
32771,54a8:454,5c88,912,11
32807,5c88:455,5828,907,36
32842,8748:456,de48,909,34
32933,00b8:457,8748,917,90
32943,4f28:457,5ba8,941,10
32945,40b8:457,3668,963,1
32984,4128:458,4908,985,39
33108,d710:459,dd68,1014,123
33118,4710:459,2f28,1013,10
33176,47f0:460,6ac8,1009,57
33191,2978:460,2748,997,14
33205,6550:460,d908,981,14
33206,6ba8:460,82e8,960,1
33239,6c88:461,5128,939,32
33278,d748:461,5d68,940,38
33379,0860:462,3208,929,101
33381,0ef0:462,dac8,900,1
33420,3080:463,52e8,871,39
33525,4710:464,8128,867,104
33529,d128:464,5ac8,861,4
33554,d2b0:464,3908,854,25
33556,d978:465,2e48,840,1
33568,da90:464,8748,835,12
33618,f048:466,2e48,817,49
33621,8b00:466,1d68,834,3
33664,8d30:467,49e8,850,43
33693,f518:467,3208,866,28
33727,65f8:468,22e8,873,34
33731,d9e8:468,5208,902,4
33740,db00:468,1588,930,8
33748,de48:468,1748,957,8
33762,b208:469,aac8,982,14
33763,b080:468,5588,1013,0
33849,b278:469,52e8,1034,86
33871,87b8:469,29e8,1036,22
33874,00b8:470,aac8,1030,2
33908,0278:470,2828,1046,34
33940,3390:470,6908,1050,32
33954,ab00:471,5ac8,1043,13
34011,7f28:472,2828,1046,57
34030,20b8:472,63c8,1051,18
34096,2be0:473,3f28,1050,66
34167,0160:474,54a8,1068,71
34177,44e0:474,52e8,1082,10
34281,4748:475,1f28,1093,104
34313,f2b0:475,5208,1082,31
34317,fcf8:476,59e8,1061,4
34320,63c8:475,5f28,1058,2
34337,6470:476,8ba8,1035,17
34361,b0f0:476,5128,1026,23
34470,bf60:477,d4a8,1009,109
34590,4f98:478,2828,984,120
34610,0198:478,8048,945,19
34625,07f0:478,42e8,901,15
34646,d8d0:479,2668,855,20
34662,2198:479,5828,837,16
34662,2748:479,4e48,815,0
34675,27f0:479,52e8,793,13
34676,1080:479,5588,768,1
34699,1198:480,a9e8,744,22
34702,cd68:480,d3c8,724,2
34749,8400:481,8d68,704,47
34779,9710:482,4048,708,29
34790,7630:482,d828,735,10
34804,24a8:482,8128,760,13
34818,2f28:482,4208,782,14
34820,5208:482,82e8,801,1
34830,5630:483,2828,820,10
34886,6b00:484,33c8,857,56
34914,c5c0:484,3e48,891,28
34917,cd68:484,59e8,917,2
35010,1080:485,df28,943,92
35067,6208:486,2f28,955,57
35102,b3c8:486,de48,962,34
35192,2b00:487,5048,958,90
35193,0518:487,dac8,938,1
35258,05c0:488,5588,918,64
35271,34a8:488,8128,896,12
35343,39e8:489,8908,871,72
35381,a0b8:489,1208,861,37
35383,1320:490,8ac8,840,2
35391,1630:490,4668,835,7
35398,b198:490,3c88,828,6
35407,bc18:490,1828,819,9
35493,da20:491,5ba8,808,85
35494,dc50:491,13c8,807,1
35531,de10:491,8c88,806,36
35536,f400:491,33c8,795,4
35558,fe80:492,af28,783,22
35566,0ef0:492,5048,783,8
35609,a5f8:492,24a8,780,43
35630,3710:493,5668,766,20
35637,2390:493,1e48,769,7
35671,29b0:494,d3c8,770,33
35699,bf28:494,52e8,775,28
35721,74e0:495,5048,773,22
35721,7518:495,5128,791,0
35739,7748:495,63c8,810,17
35802,4550:496,8f28,824,63
35807,c400:496,6ac8,841,4
35843,c6d8:496,6828,857,36
35843,8940:497,89e8,863,0
35871,8a20:497,39e8,888,27
35907,a0b8:498,5908,905,36
35970,fd30:498,4668,924,63
35973,c048:499,d9e8,924,2
35998,c160:499,13c8,944,24
36042,b588:500,8128,957,44
36050,4748:500,5588,976,8
36059,4cf8:501,4e48,993,9
36079,64e0:501,19e8,1021,19
36092,c400:502,54a8,1043,13
36128,b358:503,54a8,1084,36
36169,e780:503,1588,1148,41
36213,e4e0:504,2588,1199,43
36263,92b0:504,5048,1252,49
36278,6908:505,53c8,1286,15
36279,6f60:505,59e8,1321,1
36381,90b8:506,8ba8,1357,101
36581,55f8:507,3e48,1362,200
36816,f278:508,83c8,1296,235
36857,fbe0:508,5f28,1177,41
36960,d278:509,5668,1055,102
36963,e0f0:509,4d68,936,3
36985,e320:509,3f28,829,21
37064,eb00:510,dd68,730,79
37070,e940:510,5668,647,5
37107,eb00:510,14a8,572,37
37173,7be0:511,1ba8,500,66
37174,9630:511,5048,455,0
37179,9780:511,32e8,414,5
37184,99e8:511,8588,376,4
37191,9ba8:511,64a8,341,7
37218,9cf8:511,4208,309,27
37221,1ba8:512,4208,277,2
37227,a240:512,8f28,271,5
37231,60f0:512,54a8,264,4
37242,6ac8:512,8128,254,10
37257,c160:513,4048,247,15
37260,2710:513,4f28,247,2
37272,2e48:513,5828,247,12
37282,3198:513,2ba8,246,9
37282,7ba8:513,d748,244,0
37284,7d30:513,3908,242,2
37301,82e8:514,1d68,240,16
37301,6f60:514,8668,245,0
37302,b0f0:514,4d68,250,1
37307,b550:514,1048,255,5
37326,20f0:514,5128,260,18
37330,1e10:514,4828,263,3
37339,4b70:515,22e8,266,9
37347,e320:515,54a8,279,8
37394,5b70:516,4ba8,292,47
37395,f048:515,d3c8,305,0
37401,f208:516,2828,314,6
37442,fe10:516,5f28,328,40
37474,2a58:517,1668,338,32
37478,8978:517,4828,347,3
37506,8d30:518,df28,356,28
37516,4128:518,6208,368,9
37548,2588:518,4908,378,32
37563,23c8:519,5208,384,14
37580,abe0:519,2828,393,17
37598,3fd0:520,1588,400,17
37642,d2b0:521,5d68,413,43
37650,da90:521,d748,432,8
37685,0240:522,2908,450,34
37693,c940:521,d048,468,7
37696,22e8:522,3ba8,481,3
37723,2978:522,d588,499,26
37723,80b8:523,6748,513,0
37728,8240:523,2588,538,4
37735,8ef0:523,1ac8,563,6
37751,6dd8:523,5048,588,16
37755,ca20:523,8588,610,4
37761,6278:523,5588,632,5
37780,6f28:524,34a8,654,19
37836,2d30:525,5ba8,680,56
37850,b6d8:525,5668,704,14
37865,bc88:525,8048,726,14
37891,c048:525,aba8,745,25
37908,5438:526,d4a8,757,17
37911,1860:526,53c8,776,3
37962,1e48:527,33c8,795,51
38036,a4a8:528,a9e8,811,74
38050,2630:528,8208,822,13
38159,27f0:529,54a8,830,109
38273,82b0:530,5f28,823,114
38345,4d68:531,4128,806,71
38355,75f8:531,3828,784,9
38364,7908:531,8128,760,9
38443,7d68:532,5f28,735,79
38476,dba8:533,3668,712,32
38478,2b70:533,3f28,707,2
38482,2f60:533,6f28,702,4
38601,64e0:534,5f28,696,118
38628,e0b8:535,5908,689,27
38640,b630:534,4668,692,11
38734,05c0:536,6e48,676,93
38742,be10:536,6048,678,8
38763,be80:536,d668,678,20
38803,8278:537,33c8,673,40
38889,cd30:538,44a8,667,85
38905,e7b8:538,5828,669,16
38943,e940:539,d828,668,37
38976,3eb8:539,2588,664,33
39037,f240:540,dd68,653,60
39057,f128:540,8128,652,19
39085,fa90:541,43c8,647,28
39112,8b38:541,39e8,650,27
39180,b908:542,5048,647,67
39182,f7f0:542,d3c8,648,2
39241,f9b0:543,5668,649,58
39246,4d30:543,5ac8,649,4
39285,e4e0:544,5668,648,39
39344,2cc0:545,a9e8,659,58
39373,5518:545,3c88,668,28
39375,5b38:545,ae48,670,2
39379,5ba8:545,5ac8,672,3
39393,5d30:545,8208,673,14
39438,c550:546,5748,671,45
39509,1358:547,8588,680,71
39514,e048:547,5d68,687,5
39547,e240:548,19e8,693,32
39594,6198:548,5ba8,701,47
39636,0b00:549,5d68,698,41
39652,7208:549,1c88,707,16
39669,74a8:549,5c88,712,16
39703,78d0:549,1048,713,34
39705,a438:549,2d68,706,2
39719,a940:550,2748,699,13
39787,7320:551,4ba8,703,67
39811,99b0:552,23c8,708,23
39831,4320:552,59e8,716,20
39863,d198:552,aac8,719,31
39866,16d8:553,2ac8,715,3
39887,1a90:553,6128,732,21
39889,7be0:554,1208,744,1
39926,7e48:554,5ac8,777,36
39940,1358:554,5f28,801,14
40015,02b0:555,8048,822,75
40060,b470:555,ad68,842,45
40104,a438:556,4ba8,849,43
40114,83c8:556,82e8,850,9
40114,8550:556,a908,849,0
40136,85c0:557,5748,847,21
40158,5400:557,de48,855,22
40165,22b0:557,1908,857,6
40166,2c18:558,24a8,857,0
40167,2f60:558,4ac8,863,1
40175,d2e8:558,d2e8,869,7
40209,1048:559,5128,873,33
40420,bfd0:560,dd68,905,211
40488,5dd8:561,8908,900,68
40568,67f0:562,4128,884,79
40577,bda0:561,5828,857,9
40578,9208:562,59e8,818,1
40648,9358:563,5828,790,69
40685,a278:563,ae48,754,36
40721,a828:564,5748,712,36
40743,6208:564,4908,711,21
40825,6d68:565,df28,705,81
40877,1828:566,6c88,696,52
40899,bcf8:566,8048,693,21
40908,ce80:566,5048,685,9
40975,fb00:567,52e8,675,67
41119,3cc0:568,5128,668,143
41132,eef0:568,5c88,647,13
41171,ef60:569,4588,623,38
41183,dc50:569,4ba8,613,12
41197,6b00:570,5f28,601,13
41213,c7f0:571,8748,597,16
41236,35f8:570,5588,609,23
41369,a4e0:572,8048,597,132
41419,4a90:572,8588,607,50
41469,85f8:573,1c88,606,50
41483,b860:573,5908,606,14
41581,bb38:574,3d68,603,98
41589,44a8:574,aac8,586,7
41654,47f0:575,6048,568,65
41719,0518:576,52e8,542,65
41792,10b8:577,a9e8,532,73
41801,ab70:577,6208,527,8
41850,ada0:578,5748,521,48
41877,3a58:578,4ba8,526,27
41904,be48:579,59e8,526,26
41919,7d30:579,3588,534,15
42025,5710:580,6f28,540,106
42057,54a8:581,8d68,538,31
42061,5e48:580,6ac8,546,4
42068,53c8:581,34a8,538,6
42078,5da0:581,8128,543,10
42079,9e48:581,d048,547,0
42079,9ef0:580,8208,551,0
42123,1048:582,5588,540,43
42127,3f98:582,5f28,544,4
42137,a518:582,53c8,548,9
42182,ab70:583,6828,550,45
42227,8f28:584,d748,554,45
42227,70b8:584,5f28,572,0
42244,7278:584,5748,591,17
42264,7e10:585,6e48,607,19
42304,7e10:585,5908,626,40
42328,f780:586,1908,637,23
42332,7630:586,4588,657,4
42360,79b0:587,82e8,677,27
42373,6940:587,5668,705,13
42373,0f98:587,6668,731,0
42417,4080:588,d9e8,758,43
42433,6278:588,2908,786,16
42484,4b38:589,8588,811,50
42510,b128:589,24a8,833,25
42538,10f0:590,d908,848,27
42591,7dd8:591,8128,875,53
42646,de10:591,5ac8,899,54
42649,2400:592,5668,907,2
42676,2898:592,2128,928,26
42678,e160:592,5ac8,940,1
42685,e320:593,2ba8,952,7
42736,ecf8:593,8128,984,51
42898,47f0:594,5ac8,1000,161
42940,77b8:595,59e8,980,42
43092,3240:596,89e8,964,151
43108,2ba8:596,8c88,920,15
43123,2eb8:596,5048,873,15
43147,9cc0:597,dd68,824,23
43160,8e10:597,6e48,781,13
43176,1a20:597,52e8,737,15
43184,7550:597,2128,692,8
43202,7d30:598,1128,648,17
43240,dd30:598,69e8,647,38
43267,bef0:599,1748,637,27
43309,fd30:599,d4a8,631,41
43325,7dd8:600,5d68,616,15
43333,cbe0:599,5208,633,8
43341,a940:599,6d68,613,7
43366,f6d8:601,6ba8,593,25
43372,d3c8:601,22e8,609,5
43389,dba8:601,2828,624,17
43393,eac8:601,d9e8,636,3
43427,eeb8:602,5828,647,34
43436,4e80:602,3908,663,8
43446,e518:602,44a8,677,10
43484,ec50:603,5908,689,37
43487,b710:603,8048,708,3
43542,bba8:604,6e48,727,55
43589,44a8:605,5208,747,46
43590,c208:605,6c88,768,1
43685,c390:606,3e48,789,95
43688,0a58:606,d668,800,2
43745,0c88:607,1208,810,56
43764,af60:607,2128,820,18
43791,a550:608,1d68,825,27
43810,64a8:608,2748,839,18
43913,04a8:609,8ba8,848,103
43920,8b00:609,5668,841,6
43962,8cc0:610,5668,832,41
44008,9ef0:611,5908,838,46
44044,3a20:611,6588,848,35
44074,9748:612,62e8,848,30
44077,2dd8:612,84a8,852,3
44122,2f60:613,4e48,855,44
44136,9eb8:613,8ac8,883,13
44164,7da0:614,5828,908,28
44192,b940:614,1048,938,27
44225,ff28:615,84a8,960,33
44276,0a90:616,8668,987,51
44277,ac88:616,a9e8,1021,0
44281,add8:616,8c88,1056,4
44342,b1d0:617,4668,1090,60
44343,06a0:617,82e8,1125,0
44358,0780:617,1ba8,1161,15
44470,f4a8:618,5ba8,1191,111
44521,8828:619,d2e8,1188,50
44624,af60:620,4d68,1189,103
44670,4358:621,1208,1170,46
44697,6198:621,19e8,1159,26
44752,6e48:622,2048,1138,54
44777,a7b8:622,1ac8,1144,25
44846,75c0:623,1ac8,1141,69
44912,39e8:624,3908,1131,66
44915,a320:624,84a8,1135,3
45040,a438:625,5d68,1138,124
45103,b9e8:626,5e48,1112,62
45145,1b70:626,dba8,1102,41
45228,dd30:627,a9e8,1077,83
45230,9358:627,6908,1048,1
45230,9470:627,22e8,1019,0
45308,9518:628,6e48,991,78
45391,79e8:629,5588,960,82
45471,5d30:630,a908,944,80
45476,1780:630,5668,923,5
45511,1860:631,dc88,901,35
45618,c7b8:632,ae48,906,107
45674,dd30:633,2e48,902,55
45700,e400:633,6588,906,26
45730,eb38:634,6d68,903,29
45743,1ef0:634,53c8,917,13
45758,2710:634,d2e8,927,14
45794,9358:635,44a8,932,35
45823,ac18:635,8128,937,29
45948,2208:636,8f28,933,124
46051,b2b0:637,2828,923,103
46066,3f60:637,84a8,899,14
46075,3048:637,5f28,872,9
46084,31d0:637,5ba8,843,8
46114,3668:638,69e8,813,30
46192,9240:639,3c88,798,77
46205,5be0:639,4828,772,13
46255,5d68:639,1668,744,50
46283,1630:640,5128,706,28
46314,b278:640,5208,697,30
46342,0b70:641,1c88,682,27
46349,da58:641,5828,689,6
46396,df98:641,4d68,695,47
46447,e940:642,29e8,690,51
46453,b9e8:642,6588,682,5
46504,bb70:643,8908,673,51
46523,e0b8:643,4128,673,18
46539,eb70:643,5668,669,16
46554,a5c0:644,3ac8,661,14
46580,edd8:645,1128,667,25
46581,f470:645,dd68,682,1
46605,f6a0:646,ad68,697,23
46633,9a58:646,d588,733,27
46804,2e48:647,3f28,763,171
46887,a6a0:648,2d68,763,83
46907,a160:648,52e8,754,19
46940,a438:649,4588,740,32
46990,4898:649,dba8,725,50
46996,b550:649,a9e8,699,5
47014,bd68:650,d588,673,17
47062,f9e8:650,d9e8,649,48
47106,5f98:651,5ba8,616,43
47137,9978:651,54a8,615,30
47162,da90:652,1d68,608,24
47178,d668:652,8f28,613,16
47186,dc18:652,4208,614,7
47231,0208:653,3c88,614,44
47283,9748:654,2048,615,52
47315,9860:655,4208,621,32
47362,56d8:655,ae48,640,46
47369,81d0:656,53c8,649,6
47392,8898:656,8ac8,673,23
47469,3978:657,54a8,692,76
47485,f1d0:657,8208,706,16
47564,f6a0:658,5e48,716,78
47585,9160:658,a908,720,21
47604,98d0:658,2ac8,719,19
47661,acc0:659,69e8,713,56
47674,3358:659,52e8,702,13
47693,3550:659,5e48,688,19
47770,3f28:660,84a8,670,76
47780,9da0:660,33c8,648,10
47810,0128:660,2828,624,29
47811,c320:661,69e8,595,1
47831,c710:661,a9e8,586,19
47847,2208:661,1208,574,16
47858,0cc0:662,63c8,559,10
47885,0ba8:662,2f28,560,27
47909,9668:662,8588,555,23
47924,9240:663,5f28,546,15
47949,e668:663,6748,552,24
47969,4c18:664,2828,554,20
47979,5cc0:663,52e8,573,9
48057,8c18:665,4f28,569,78
48070,ab00:665,1ac8,579,12
48088,aba8:665,a908,587,18
48088,ada0:665,2128,591,0
48096,ae10:665,6c88,595,8
48131,af28:666,6908,597,34
48151,3940:666,5ba8,602,20
48256,3240:667,6588,603,104
48273,10b8:667,de48,596,16
48281,1400:667,4828,586,8
48321,1940:668,de48,575,39
48338,c860:668,3048,565,16
48365,7208:669,52e8,552,26
48391,ecf8:670,5828,552,25
48409,8e48:669,5208,559,18
48428,6780:669,5ba8,551,18
48436,60b8:671,8908,540,7
48436,6e48:671,d748,565,0
48440,5128:671,2668,591,4
48452,56a0:670,5588,618,12
48459,5e80:671,8d68,613,6
48529,62e8:672,62e8,637,70
48577,30f0:673,8c88,657,48
48625,0898:674,54a8,676,47
48655,fe80:674,dd68,691,29
48691,e4e0:675,2d68,699,36
48702,b080:675,4828,715,11
48715,b278:675,1ba8,728,13
48718,b780:675,5d68,738,2
48723,bb38:675,52e8,748,5
48737,1198:676,5f28,757,14
48920,ce48:677,5908,780,182
48924,4a20:677,1ac8,769,4
48982,4b38:678,3048,757,57
48985,e3c8:678,1ba8,742,2
48993,e6a0:678,4f28,727,8
48994,ec88:678,5748,710,0
49012,ed68:679,8ba8,694,17
49058,50f0:679,5048,691,46
49094,04a8:680,4588,678,35
49138,41d0:680,5208,665,44
49153,fbe0:681,d828,643,14
49155,1048:681,6048,657,1
49158,1470:681,5c88,671,3
49159,1a20:681,4c88,685,0
49248,1c88:682,34a8,699,89
49327,7dd8:683,2588,707,79
49343,a978:683,4ac8,703,15
49388,acc0:684,34a8,695,45
49417,ca58:684,22e8,696,29
49434,d358:685,22e8,690,16
49503,fe48:686,2208,694,69
49516,9438:686,1c88,704,12
49532,9518:686,53c8,711,16
49564,9b38:687,ae48,714,31
49592,a898:687,2d68,729,28
49618,5e48:688,6748,737,25
49679,5390:689,84a8,762,61
49686,7080:689,39e8,776,7
49814,79e8:690,de48,788,127
49817,ab38:691,de48,788,3
49821,ac18:690,4d68,800,3
49877,acc0:690,2048,798,56
49890,e940:692,8208,782,12
49954,ebe0:693,3d68,789,64
49975,65f8:693,5748,795,20
50015,6908:694,5208,796,39
50062,8048:695,df28,823,47
50079,fcc0:695,5828,838,16
50148,2908:696,4128,848,68
50149,62e8:696,59e8,860,0
50200,6400:697,4828,872,51
50214,4080:697,4588,887,13
50229,f2e8:697,2048,899,14
50256,fef0:697,3588,906,26
50256,25f8:698,1f28,905,0
50264,26a0:698,8ac8,922,7
50278,2c88:698,2f28,937,14
50279,d2b0:698,82e8,948,0
50317,d518:698,1ba8,959,38
50537,4358:699,39e8,958,219
50777,bef0:700,3588,910,240
50794,9e48:700,2208,819,16
50876,4080:701,83c8,734,82
50887,4f60:701,5908,652,10
50897,c320:701,d208,577,10
50899,c630:701,3f28,509,1
50903,c898:701,62e8,449,4
50913,ca90:702,5588,395,10
50922,0940:702,1208,352,8
50930,e978:702,a908,313,7
50935,36d8:702,5748,278,5
50942,72e8:702,6828,246,6
50954,7e10:703,ad68,217,12
50957,3780:703,6828,208,2
50974,3dd8:703,5588,199,17
50976,1d68:703,dc88,190,2
50980,b128:703,39e8,181,4
50990,b978:703,1588,172,9
50997,deb8:704,d9e8,163,7
51001,9128:704,aba8,167,4
51005,9d68:704,53c8,171,4
51007,a898:704,2748,175,1
51013,ada0:704,6668,179,6
51017,edd8:704,6d68,182,3
51022,5668:705,ae48,185,5
51032,c3c8:705,84a8,194,9
51047,4d30:705,d2e8,203,15
51055,7828:705,52e8,212,7
51064,4470:706,12e8,220,9
51074,d7b8:706,2588,233,9
51074,1cc0:706,1128,246,0
51113,1d68:707,84a8,260,39
51159,f860:708,5ba8,273,45
51171,4a20:708,8e48,286,11
51172,f518:708,d208,298,1
51185,f748:708,d128,310,12
51226,fcc0:709,8828,322,41
51261,2630:709,2128,332,35
51286,3b70:710,54a8,338,24
51328,9e10:710,5588,348,42
51341,1080:711,8668,353,12
51348,1d30:711,6828,361,6
51374,0208:711,a9e8,369,26
51375,0f28:711,5ba8,373,0
51378,d208:711,2828,377,3
51379,d5c0:711,13c8,381,0
51414,d668:712,8588,385,35
51422,7828:712,4828,392,8
51425,7e80:712,8e48,398,2
51443,1240:713,34a8,404,17
51459,6f60:713,d3c8,415,15
51462,8fd0:713,2048,424,3
51467,4748:714,6d68,433,4
51488,80b8:714,83c8,450,20
51505,e5c0:715,1048,465,17
51523,84a8:715,8748,487,18
51577,7080:716,44a8,506,54
51580,8c18:716,5588,530,3
51583,8d30:717,1f28,554,2
51588,8eb8:716,2ba8,585,4
51598,d198:717,5748,610,10
51607,d7b8:716,1048,641,9
51609,47f0:717,d828,664,1
51615,4c88:716,2828,695,5
51661,0a20:718,6128,718,46
51671,48d0:718,54a8,744,9
51677,4a58:718,5668,768,6
51702,4f28:718,3ba8,791,24
51716,47f0:719,af28,808,14
51830,b198:720,5128,832,114
51848,4048:720,22e8,845,18
51861,4438:720,d828,853,12
51940,4da0:721,d3c8,857,78
51970,9cf8:721,3908,848,30
51983,5828:722,54a8,831,12
52013,16d8:722,d908,825,30
52027,24e0:722,2208,810,14
52033,2be0:722,1828,792,5
52079,4048:723,84a8,773,45
52096,2c50:724,4d68,757,17
52103,20f0:723,1128,765,6
52127,2c50:723,5588,743,23
52144,5ac8:725,2908,716,17
52156,f128:725,d4a8,739,12
52171,60f0:725,64a8,760,14
52193,6e10:726,52e8,777,22
52228,84a8:726,d748,809,34
52262,fba8:727,6c88,832,34
52311,e588:728,24a8,865,49
52346,6a20:729,5128,890,34
52372,7c18:729,4c88,920,26
52385,e6a0:729,dac8,942,12
52456,0550:730,6d68,960,71
52524,3b38:731,5048,972,68
52587,1940:732,3748,984,63
52597,d2b0:731,5ba8,991,9
52622,d550:732,4048,979,24
52647,cc18:733,5ac8,975,25
52660,feb8:733,54a8,974,13
52665,8320:733,5668,969,4
52787,8518:734,8908,962,121
52870,36d8:735,5c88,952,83
52909,f9e8:735,3d68,937,39
52934,feb8:736,6e48,911,24
52941,1e10:736,5908,897,7
52990,3550:737,8828,881,48
53038,3f98:738,2c88,868,48
53042,ff60:738,82e8,882,3
53053,0358:738,1908,895,11
53063,0b70:738,84a8,905,9
53069,0f60:739,3828,912,6
53092,7438:740,3828,943,22
53188,1a90:741,8048,989,96
53231,5c88:741,5ba8,1023,43
53319,5f28:742,6ac8,1043,88
53352,bd30:743,54a8,1049,32
53361,5048:742,8c88,1055,9
53384,5c50:743,aac8,1047,22
53516,4160:744,5048,1041,132
53533,6d68:744,d128,999,17
53585,6ef0:745,d748,953,51
53590,9240:745,1c88,923,5
53685,9860:746,d128,892,95
53697,ea20:746,2588,872,11
53750,eda0:747,4e48,850,53
53751,b6d8:747,53c8,822,1
53752,b908:747,5e48,795,1
53816,bd30:748,5c88,769,63
53892,0b70:749,5f28,769,76
53934,4b38:749,6748,767,41
53975,9588:750,1588,754,40
54052,0a58:751,6208,756,76
54075,8668:751,8048,755,23
54141,8898:752,19e8,748,65
54144,b588:752,4128,741,2
54225,b7b8:753,3c88,734,81
54249,ee10:753,5748,725,23
54276,cba8:754,a908,711,26
54331,fb70:754,69e8,710,55
54341,67f0:754,5d68,696,9
54424,6940:755,dac8,680,82
54512,6be0:756,1e48,669,88
54551,f940:757,43c8,653,39
54553,54e0:756,59e8,647,2
54573,5908:757,5c88,623,19
54579,1320:757,52e8,613,5
54622,16d8:758,63c8,602,42
54658,1a90:758,5748,605,36
54747,1e48:759,3748,601,88
54753,2470:759,1828,596,5
54795,25f8:760,5048,590,42
54801,eef0:760,44a8,593,5
54808,b748:760,2208,595,6
54818,bef0:760,6128,595,10
54825,5860:761,2908,593,7
54829,30b8:761,6588,598,4
54901,3978:762,4668,602,71
54933,ccf8:763,53c8,613,32
55004,76a0:763,1908,638,71
55067,7400:764,2208,648,62
55072,3f60:764,2128,654,4
55075,6048:764,4828,659,3
55077,61d0:764,6e48,663,2
55078,62b0:764,5588,667,0
55114,6400:765,dba8,670,36
55122,20f0:765,3748,673,7
55125,41d0:765,6828,674,2
55144,4828:766,5c88,675,19
55184,9c88:766,4588,688,40
55187,b8d0:767,5c88,691,2
55192,bc50:767,5e48,701,5
55220,a198:768,2048,710,27
55326,2550:769,5ba8,746,106
55378,8a90:769,89e8,770,51
55387,dcc0:770,5ba8,781,8
55426,1978:770,8128,796,39
55461,a278:771,5748,800,34
55504,8828:771,82e8,808,43
55544,24a8:772,8d68,804,39
55554,f208:772,d668,797,9
55607,f400:773,dd68,788,53
55745,95f8:774,22e8,793,138
55779,7128:774,d048,777,33
55789,7208:774,4d68,753,9
55808,7358:775,5208,728,18
55914,0518:776,4668,716,106
55949,f550:777,4748,701,35
55950,b630:777,19e8,691,0
55957,b780:777,6668,681,7
56048,12b0:778,ae48,669,91
56052,f898:778,64a8,675,4
56063,fb38:778,82e8,681,10
56069,b048:778,5588,684,6
56091,b668:779,5748,686,21
56167,9a20:780,4908,689,76
56172,a240:780,d748,699,5
56178,a3c8:780,3128,708,6
56194,a4a8:780,df28,716,16
56258,a940:781,5c88,720,63
56280,5710:781,df28,718,22
56365,f4a8:782,1f28,710,85
56367,fe80:782,23c8,706,1
56419,6048:783,4208,701,51
56453,2390:784,de48,694,33
56455,ce80:783,1e48,703,2
56458,e2b0:784,5d68,688,3
56462,e828:783,6748,696,3
56482,eda0:784,af28,679,20
56515,07f0:785,5208,681,32
56529,a1d0:785,4828,696,13
56551,a9e8:785,2f28,708,22
56555,4240:786,6128,714,3
56558,4978:786,5748,741,3
56561,4f60:786,32e8,768,3
56616,e5f8:787,5c88,796,54
56622,3f28:787,5748,824,6
56655,1898:787,5f28,851,32
56659,4908:787,a908,869,3
56781,1048:788,3208,886,122
56805,f240:788,ae48,877,24
56832,f9b0:789,5128,861,26
56867,b400:789,6f28,856,35
56876,fba8:790,14a8,841,9
56884,34a8:789,3588,834,7
56962,3a90:791,d3c8,815,77
57006,5668:792,5d68,804,44
57009,0390:792,4c88,824,3
57033,06d8:792,6128,844,24
57064,3cf8:793,22e8,857,30
57164,b208:794,8748,876,100
57218,2390:794,5d68,879,54
57246,67f0:795,59e8,866,27
57252,a080:795,5ba8,870,6
57286,a390:796,8048,872,33
57471,2588:797,4c88,877,185
57480,1f60:797,5748,846,8
57593,c080:798,5e48,814,112
57600,2dd8:798,1d68,780,7
57610,2e48:798,49e8,746,9
57641,51d0:799,22e8,711,31
57664,f550:799,82e8,689,22
57681,3da0:800,5ba8,662,16
57754,db00:801,3588,641,72
57767,a940:801,33c8,644,13
57788,a9e8:801,a908,644,21
57823,30b8:802,5588,640,35
57824,fef0:802,33c8,655,0
57828,ffd0:802,8588,670,3
57864,b320:803,5748,684,35
57878,32e8:803,5e48,702,14
57887,a198:803,2048,717,9
57920,aeb8:804,1048,730,32
57929,be48:804,2908,745,9
57979,ab00:805,4ba8,758,50
57992,1f60:805,6668,777,12
58008,3240:805,5908,793,15
58013,35c0:805,4128,805,5
58036,37b8:806,6908,816,22
58053,f080:806,5ba8,840,16
58093,0dd8:807,2668,860,40
58166,65f8:808,83c8,880,72
58185,4a90:808,ad68,896,19
58199,60b8:809,52e8,906,14
58266,6ba8:810,1ba8,934,66
58272,f2b0:810,6748,956,5
58340,f470:811,af28,976,67
58362,4400:811,d908,993,22
58430,46a0:812,6f28,1003,68
58477,b9b0:812,6e48,1015,46
58554,17b8:813,5908,1011,77
58569,2438:813,2c88,992,15
58570,2908:813,2908,969,0
58655,29b0:814,1208,946,85
58704,4860:815,4e48,918,48
58714,0da0:815,d588,905,9
58749,9898:815,aac8,889,35
58796,e2e8:816,5128,863,47
58797,0e10:816,2048,844,1
58871,0f28:817,14a8,825,73
58878,8e80:817,53c8,824,7
58891,21d0:817,aac8,821,12
58894,26d8:817,d3c8,815,2
58905,2860:818,39e8,808,11
58906,5240:817,42e8,821,1
58932,52b0:818,2f28,811,25
58995,b940:819,5ac8,817,63
59013,fb38:819,d048,819,17
59190,77b8:820,59e8,816,177
59196,10f0:820,89e8,791,6
59205,12b0:820,d3c8,765,8
59255,1470:821,22e8,738,49
59286,2390:821,ac88,718,31
59325,9dd8:822,ae48,691,39
59339,a358:822,83c8,664,13
59386,ca90:823,83c8,635,47
59413,20b8:823,5208,616,27
59420,2dd8:823,82e8,592,7
59431,c208:824,d128,568,11
59444,c080:823,5748,579,12
59480,40b8:825,89e8,551,35
59538,e908:825,2048,571,57
59544,8e48:826,5f28,580,6
59610,a518:827,8f28,598,65
59628,9828:827,1208,613,18
59651,9a20:827,5ac8,624,22
59663,2320:827,af28,631,12
59665,46a0:827,1668,635,1
59674,4ac8:828,d9e8,639,9
59694,ec18:828,6e48,651,19
59709,5828:828,8908,659,15
59715,c4e0:828,54a8,663,5
59720,c908:828,dac8,666,4
59737,ceb8:828,5828,668,16
59771,3dd8:829,5828,666,34
59792,8ac8:829,5588,667,20
59869,cd30:830,4748,664,77
59886,8c88:830,5828,658,16
59894,a240:830,5ac8,649,8
59905,a390:831,1048,638,10
59906,ad30:830,3908,639,1
59923,aeb8:831,8748,626,16
59967,f0f0:832,6828,623,44
59971,e320:832,4208,628,3
60013,e518:833,1828,632,42
60046,5a58:833,6908,644,33
60068,6828:834,d9e8,649,21
60073,a828:834,2668,671,5
60081,10f0:834,4908,693,7
60144,1cc0:835,af28,714,63
60153,76d8:835,6908,728,8
60207,7b70:836,54a8,740,53
60219,3518:836,2908,756,11
60280,3a90:837,2128,769,61
60282,f1d0:837,aba8,777,1
60298,f518:838,1828,785,16
60307,a780:837,63c8,803,8
60350,02b0:838,5ac8,804,43
60356,f358:839,1c88,808,5
60357,fbe0:839,6748,832,1
60376,fe10:839,5ac8,856,19
60381,b470:839,2e48,875,4
60423,bac8:840,33c8,893,42
60508,9400:841,29e8,918,85
60801,7860:842,8f28,940,292
60866,33c8:843,42e8,880,64
60867,d710:842,6f28,822,1
60947,d860:844,34a8,754,79
61022,f9b0:845,5128,701,75
61022,7048:845,6f28,654,0
61058,7160:845,1208,610,35
61074,7f60:846,5c88,563,16
61087,e9b0:846,1ba8,568,13
61088,00f0:846,5c88,570,0
61090,01d0:846,5048,572,2
61106,0630:846,d048,574,16
61114,d6a0:846,53c8,573,8
61143,03c8:847,3ac8,570,29
61177,c630:847,4748,574,33
61250,4be0:848,6ac8,571,72
61252,5828:848,dac8,570,2
61307,5978:849,5ba8,569,55
61315,3c50:849,3ba8,571,7
61369,82e8:850,aba8,572,54
61375,f668:850,6c88,575,5
61398,0400:850,d9e8,577,23
61399,3c18:850,2ba8,574,1
61401,3e10:850,1128,571,1
61433,5080:851,d668,568,32
61502,ca20:852,52e8,569,69
61514,3518:852,4208,578,12
61562,37b8:853,4e48,585,48
61579,0898:853,3ac8,595,16
61643,6128:854,3668,602,64
61664,c9e8:854,2f28,607,21
61665,f2e8:854,8d68,608,0
61709,f400:854,3828,608,44
61718,9240:855,2668,600,9
61756,7a20:856,5748,602,37
61757,cd68:856,44a8,614,1
61798,0048:856,2f28,626,40
61840,a7f0:857,4748,629,42
61875,e860:858,4128,633,34
61896,0eb8:857,29e8,647,20
61925,7780:859,2ac8,639,29
61931,b588:858,1208,659,6
61940,bba8:858,d9e8,661,8
61945,f2b0:859,5668,661,4
61951,f780:859,8d68,677,6
61992,fa90:860,4f28,692,41
62027,50b8:860,3e48,707,34
62045,4978:861,d828,714,17
62071,3160:861,2c88,737,25
62082,bc18:861,2d68,754,11
62137,50f0:862,62e8,768,55
62179,8e48:863,4ac8,777,42
62223,1048:863,5e48,789,44
62248,0470:864,5668,789,25
62271,81d0:864,12e8,800,22
62279,88d0:864,8048,805,7
62290,8f28:865,5588,808,11
62291,c2b0:864,5668,823,0
62291,c4a8:865,3ba8,823,0
62340,c550:866,44a8,838,48
62396,edd8:867,8748,866,56
62467,41d0:868,69e8,890,70
62595,d080:869,5828,914,127
62598,4b70:869,5d68,912,3
62602,4c18:869,3ac8,909,3
62613,4cc0:869,4208,905,11
62667,4fd0:870,83c8,898,54
62671,1438:870,d908,889,3
62717,1a20:871,3208,879,46
62812,2240:872,8ac8,873,95
62827,6b70:872,5e48,860,14
62926,6e48:873,4d68,843,98
62966,5048:874,52e8,834,40
63041,d2b0:875,4588,835,75
63112,c630:876,5f28,828,70
63163,fdd8:877,ac88,828,51
63200,80f0:877,2d68,845,36
63200,e5c0:877,5ba8,852,0
63240,e780:878,8048,859,39
63285,1fd0:878,5828,866,44
63285,1080:878,d9e8,860,0
63286,11d0:878,6668,854,1
63385,14a8:879,5ba8,848,99
63389,ee48:879,82e8,835,4
63395,ef28:880,2908,821,5
63424,4128:879,2d68,825,29
63463,9898:881,dac8,802,38
63498,d630:881,5c88,802,35
63604,92b0:882,8ac8,792,106
63697,4cf8:883,5e48,775,93
63722,4ac8:883,5668,771,24
63737,4e48:883,4208,761,14
63756,b978:884,5c88,748,18
63828,fb70:885,d9e8,732,71
63855,3240:885,4d68,716,27
63861,3ac8:885,6d68,694,6
63889,8278:886,de48,671,27
63893,40f0:886,1ba8,674,3
63896,4358:886,6128,676,3
63925,4588:886,2908,677,28
63926,b080:887,6588,672,1
64019,b358:888,6828,688,93
64043,3fd0:888,6f28,696,23
64132,f6d8:889,2048,699,88
64144,4668:889,5048,697,11
64150,4da0:889,5668,693,6
64151,1358:889,a908,687,1
64184,1518:890,4c88,681,32
64193,9c18:890,5c88,682,9
64229,8198:891,5048,681,35
64250,c6d8:892,5e48,680,20
64285,cf28:891,dd68,696,35
64332,0f28:893,1908,682,46
64346,d208:893,59e8,705,13
64360,d400:893,89e8,725,13
64360,d8d0:894,3128,742,0
64420,d9b0:895,54a8,773,59
64426,31d0:895,84a8,802,6
64427,33c8:895,3668,830,0
64429,3438:895,1ac8,859,2
64480,3518:896,ac88,888,50
64496,56d8:896,5048,909,16
64513,6a90:896,ad68,925,17
64542,0ac8:897,8668,936,29
64596,e400:897,54a8,964,54
64600,add8:897,d4a8,975,4
64628,4550:898,4ba8,985,27
64683,dac8:899,2c88,995,54
64733,18d0:899,6668,1007,50
64846,1ef0:900,52e8,1002,112
64900,5ef0:901,6668,980,53
64943,5710:901,a9e8,961,43
64968,9128:901,53c8,929,24
65004,b1d0:902,2588,891,35
65020,b8d0:902,5588,869,16
65025,c048:902,6668,843,4
65034,c400:902,4ba8,816,9
65043,f320:902,1668,788,9
65077,8048:903,dd68,758,33
65166,84e0:904,63c8,734,89
65179,bcf8:904,82e8,728,12
65181,beb8:904,59e8,719,1
65267,bf60:905,5828,710,86
65286,7e10:906,5828,694,19
65293,1dd8:905,8ac8,698,6
65294,2898:906,1748,677,1
65317,2c50:907,89e8,679,22
65323,c160:907,6828,692,6
65335,cc88:907,4ac8,704,11
65337,8ef0:907,6048,714,2
65361,9588:908,5828,723,23
65456,1780:909,5d68,749,95
65508,ba58:910,5d68,777,52
65514,3fd0:910,5828,797,6
65616,d400:911,13c8,816,101
65645,7c88:911,3908,816,28
65679,75c0:912,5f28,808,34
65699,5128:912,69e8,802,19
65718,59b0:912,12e8,791,18
65735,bc88:913,5908,776,16
65736,ff98:913,12e8,781,1
65739,7470:913,d4a8,786,2
65761,7828:914,8588,790,22
65763,9278:913,1748,802,1
65802,9438:915,5d68,800,39
65818,feb8:915,5908,831,16
65839,6d68:915,8908,858,20
65900,82b0:916,8908,880,61
65945,fbe0:916,2828,909,45
65951,20f0:917,6588,925,5
66092,2550:918,5748,952,140
66169,4908:919,6828,942,77
66196,3518:919,ad68,932,26
66208,3a58:920,d668,914,12
66238,6358:920,1588,911,29
66249,0940:919,82e8,899,10
66257,86d8:921,5128,867,8
66281,c400:921,5d68,865,24
66314,4208:922,5668,856,33
66338,05f8:922,2d68,878,23
66444,20f0:923,4128,894,105
66470,6da0:923,8748,901,26
66503,4b00:924,2828,900,33
66514,d940:924,5f28,901,10
66574,db38:925,33c8,899,60
66576,6ef0:925,4748,893,1
66658,8080:926,83c8,887,82
66660,7a90:926,3128,874,2
66673,7ba8:926,29e8,860,12
66757,7eb8:927,59e8,843,84
66770,0c50:928,5668,839,12
66806,13c8:929,dac8,848,36
66902,5ba8:930,5ac8,868,95
66906,9278:930,82e8,884,4
66932,9400:930,43c8,899,25
66938,9940:931,5ac8,906,5
67013,9eb8:932,d3c8,943,75
67018,1ac8:932,5828,961,4
67025,1ba8:932,53c8,977,6
67027,1cf8:932,83c8,991,2
67080,1d68:933,dc88,1005,53
67099,78d0:933,6828,1013,18
67112,6a58:933,6e48,1015,13
67130,7e10:934,1828,1012,17
67192,c400:935,53c8,1036,62
67219,9278:935,6588,1051,26
67267,9780:936,5c88,1057,47
67310,91d0:936,8048,1075,42
67389,f3c8:937,8908,1077,79
67638,ee48:938,8c88,1073,248
67643,8d68:938,5c88,1003,5
67650,8e48:938,2d68,936,6
67665,8f98:938,5e48,872,15
67698,16a0:939,3208,808,32
67776,4ac8:940,5748,756,77
67811,59e8:941,5588,706,35
67886,fe48:942,24a8,678,75
67921,eef0:942,6588,691,34
67932,9358:942,5208,696,10
67963,9be0:943,4048,698,30
67976,6748:943,43c8,706,12
68014,1860:943,5748,711,38
68049,2ef0:944,8668,707,35
68060,acf8:944,5748,713,10
68066,a128:944,5748,716,5
68089,a550:945,52e8,718,23
68128,2390:945,44a8,723,39
68183,8860:946,6f28,718,55
68223,d5c0:946,8f28,718,39
68267,e4a8:947,8ba8,709,43
68299,9668:948,69e8,707,32
68334,9da0:948,2ac8,721,35
68356,4550:949,5d68,727,21
68414,00f0:950,62e8,735,58
68437,3eb8:950,6908,752,22
68451,1940:950,3c88,763,13
68476,8828:951,8668,771,25
68487,40f0:951,23c8,795,11
68506,4940:951,5d68,816,18
68508,06d8:951,6ba8,833,2
68520,0940:951,4908,849,11
68522,8208:951,8c88,862,2
68567,86a0:952,2908,875,44
68588,ba90:952,3588,884,21
68721,78d0:953,ad68,887,132
68750,6518:953,59e8,868,29
68802,6b70:954,3ba8,841,52
68805,f1d0:954,2f28,817,2
68823,f358:954,4048,792,18
68834,c278:955,2d68,764,10
68839,b6a0:955,d3c8,752,5
68898,9080:956,52e8,736,58
68948,c4e0:957,4908,733,49
68970,01d0:957,53c8,751,22
68973,09b0:957,ad68,763,3
69002,0be0:957,ac88,775,28
69102,2390:958,af28,779,99
69131,e160:958,5f28,778,28
69133,ee80:958,69e8,770,2
69211,40b8:959,3048,761,77
69213,f9e8:959,d4a8,743,1
69216,fa58:959,24a8,725,3
69220,fb38:959,3668,706,4
69222,fe10:959,4d68,687,2
69236,5048:959,4588,668,14
69261,c320:960,aba8,647,24
69268,db70:960,ac88,633,7
69289,feb8:960,5c88,618,20
69296,ff60:960,6208,599,7
69359,b940:961,dac8,580,62
69378,9b38:961,4908,559,19
69394,17b8:962,5828,535,16
69404,0978:961,5828,536,9
69416,ecc0:962,8828,509,12
69437,7470:963,4828,506,20
69472,c320:963,6828,520,35
69476,b550:963,5ba8,526,3
69494,bc50:964,1128,532,18
69503,b978:964,42e8,544,8
69542,7048:964,54a8,554,39
69562,aba8:964,5c88,557,20
69563,4588:965,8908,556,0
69592,47b8:966,8ba8,578,29
69612,b080:965,1748,602,19
69613,70f0:965,5748,615,1
69614,72b0:965,3e48,628,0
69663,7400:967,d3c8,641,49
69728,b1d0:968,2d68,657,64
69731,ac18:968,59e8,671,2
69777,ad68:969,13c8,685,46
69801,18d0:969,54a8,705,23
69811,dfd0:969,4c88,719,9
69853,4748:970,4748,731,42
69868,83c8:970,44a8,740,15
69885,8a20:970,6208,745,16
69904,0828:971,52e8,746,18
69948,b0f0:972,4908,761,44
69987,8be0:972,2588,781,38
70076,b4e0:973,52e8,791,89
70088,37b8:973,1048,791,12
70107,3b70:973,ac88,788,19
70113,aac8:974,4828,780,5
70145,44a8:974,1d68,790,32
70191,6cf8:975,d668,792,46
70239,c358:976,2828,795,47
70285,a0b8:977,4828,797,46
70297,a940:977,6048,821,11
70333,08d0:978,8ac8,843,36
70347,ca20:978,3748,875,13
70372,98d0:979,62e8,904,25
70388,d358:979,53c8,941,16
70407,a550:979,5128,974,19
70434,87f0:980,2c88,1002,26
70481,be10:981,5668,1038,47
70503,69e8:981,8e48,1075,21
70547,0080:982,8208,1105,44
70561,5f98:982,5748,1142,13
70577,0a90:982,4ac8,1175,15
70668,9cf8:983,5908,1203,91
70691,3080:983,2828,1204,23
70721,3550:984,5ac8,1196,29
70724,9080:984,aac8,1201,2
70790,9518:985,5588,1205,66
70800,1b00:985,63c8,1201,10
70851,1c88:986,3ac8,1193,51
70899,36a0:986,5ac8,1191,47
70906,99e8:987,8048,1170,6
70915,9ef0:987,54a8,1194,9
70953,0208:988,dc88,1215,38
71056,bbe0:989,6668,1242,102
71112,1ba8:990,dd68,1260,55
71156,4400:990,2048,1276,44
71190,4da0:991,3f28,1273,33
71205,4390:991,1208,1279,15
71211,4978:991,8908,1279,5
71311,4dd8:992,5d68,1276,100
71460,a2e8:993,29e8,1251,148
71503,4630:994,4f28,1209,43
71509,8cc0:995,4f28,1173,6
71578,9470:996,5ba8,1165,69
71598,f898:996,2ba8,1177,19
71602,ff60:996,5668,1182,4
71645,52b0:997,a908,1185,43
71750,dc88:997,52e8,1232,105
71793,14a8:998,d2e8,1236,42
71793,3eb8:998,8128,1240,0
71908,2048:999,5128,1244,115
71987,fbe0:1000,6668,1204,78
72063,dc50:1001,1f28,1162,76
72137,c588:1002,6208,1157,74
72148,8198:1002,5ba8,1140,10
72237,82e8:1003,5048,1119,89
72293,3550:1004,59e8,1108,55
72298,9b70:1004,6f28,1105,5
72343,9eb8:1005,8ba8,1100,44
72416,1240:1006,3748,1107,73
72420,2a20:1006,5128,1114,4
72496,2a90:1007,1828,1120,75
72539,c8d0:1008,d828,1135,42
72546,fc88:1007,5ac8,1157,7
72548,b5c0:1007,53c8,1153,1
72651,b9e8:1009,df28,1149,103
72745,0828:1010,ad68,1145,94
72786,f2e8:1010,1748,1133,40
72876,fd68:1011,53c8,1107,90
73005,31d0:1012,6828,1078,128
73046,bdd8:1012,6d68,1021,41
73052,b208:1013,6c88,955,6
73076,b6a0:1013,1588,923,23
73080,f4e0:1013,8908,886,4
73153,f7f0:1014,4ba8,849,73
73162,bba8:1014,d9e8,819,8
73163,a240:1014,dba8,788,0
73194,a2b0:1014,8588,758,31
73196,f5c0:1015,d4a8,722,2
73203,fa20:1015,39e8,717,6
73221,8898:1015,d048,710,18
73237,9860:1015,5d68,699,15
73276,7898:1016,4208,684,38
73288,d438:1016,5f28,690,12
73321,d9b0:1017,4e48,693,32
73324,f7b8:1017,5e48,705,2
73327,fc88:1017,5128,717,2
73327,61d0:1017,84a8,728,0
73337,62e8:1017,1e48,740,10
73399,d128:1018,ac88,749,62
73425,6390:1018,8ac8,762,25
73515,c128:1019,d208,769,89
73553,f6d8:1019,3748,765,37
73617,ea58:1020,3588,752,63
73664,4eb8:1021,3208,741,46
73676,7860:1021,5e48,731,12
73727,7da0:1022,5f28,718,50
73799,8518:1023,5f28,711,72
73829,ef98:1024,5668,714,29
73889,7208:1025,5ba8,735,59
73902,e5c0:1025,de48,753,13
73986,e7f0:1026,1828,768,83
73996,1908:1026,5588,778,10
74011,1c50:1027,6668,786,14
74022,1fd0:1026,2668,809,11
74060,cba8:1028,2048,810,37
74074,19b0:1028,63c8,829,14
74181,2d30:1029,6588,844,107
74188,4710:1029,5e48,849,7
74203,4828:1029,8128,852,14
74223,4f60:1029,5f28,851,20
74226,a9b0:1030,4048,845,3
74302,ada0:1031,82e8,862,75
74377,6898:1032,aba8,864,74
74394,1518:1032,8588,858,16
74432,1588:1033,5d68,848,37
74468,95f8:1032,8ac8,862,36
74561,f438:1034,6668,831,93
74569,edd8:1034,5f28,821,7
74605,3160:1035,d9e8,809,36
74610,bf98:1035,1048,808,5
74622,64a8:1035,2d68,805,12
74712,6c18:1036,5e48,799,90
74787,0ba8:1037,5d68,789,75
74870,c1d0:1038,a908,774,82
74956,cba8:1038,52e8,771,86
74963,ccc0:1038,5908,747,6
74997,ce10:1038,44a8,722,34
75010,68d0:1038,1588,690,12
75034,7cf8:1039,a9e8,657,23
75039,a0b8:1039,6128,629,5
75059,a860:1040,1748,602,19
75063,3c18:1040,2ac8,592,4
75121,41d0:1041,4c88,582,58
75177,2860:1041,6748,575,56
75198,15f8:1042,6d68,558,21
75220,5da0:1042,44a8,570,21
75245,49e8:1043,3668,578,25
75302,2e80:1044,53c8,596,56
75380,4ba8:1045,a908,607,78
75389,fc18:1045,2748,615,8
75419,fcc0:1045,8048,621,30
75453,3dd8:1046,2c88,621,33
75457,8940:1046,2208,630,4
75463,8ac8:1046,8128,638,5
75474,8da0:1046,d908,645,11
75536,96d8:1047,83c8,650,61
75556,4668:1047,2f28,652,20
75568,64e0:1047,5208,649,11
75629,6ac8:1048,a908,644,61
75633,9a58:1048,1588,638,4
75637,9da0:1048,2ba8,631,3
75663,b198:1048,5e48,623,26
75699,8908:1049,8048,610,35
75708,c080:1050,8048,607,9
75720,c748:1049,dac8,618,11
75723,0278:1049,d048,611,3
75742,07f0:1050,5e48,604,18
75745,0588:1049,8128,608,2
75769,0b70:1051,4048,596,24
75805,3390:1052,2d68,613,35
75868,8438:1053,2ba8,641,62
75870,6cc0:1053,6128,670,2
75884,6fd0:1053,4c88,700,13
75991,9748:1054,89e8,727,107
76021,86a0:1054,5ba8,731,29
76027,1128:1054,dac8,727,5
76034,1438:1055,64a8,722,7
76089,4828:1056,14a8,730,54
76126,9198:1057,8748,734,37
76136,3fd0:1057,3c88,744,9
76163,c860:1058,22e8,752,27
76172,a438:1058,53c8,785,8
76193,b5f8:1059,2d68,817,21
76253,b630:1059,d2e8,857,59
76284,6da0:1060,8208,880,31
76330,6390:1060,5908,911,46
76352,6e80:1061,3748,929,21
76364,66d8:1061,2e48,955,12
76376,9550:1061,6208,978,11
76443,9eb8:1062,3d68,997,66
76583,d908:1063,1d68,1003,140
76721,eb70:1064,ac88,973,137
76761,2630:1065,5d68,930,39
76791,b668:1066,34a8,901,30
76800,fb00:1066,5588,886,9
76842,28d0:1067,22e8,869,41
76860,7208:1067,d588,881,18
76917,4710:1068,3ba8,887,56
76953,2240:1068,1048,919,36
77027,6e80:1069,83c8,940,74
77072,f470:1070,42e8,950,45
77086,8908:1070,4f28,958,14
77101,d1d0:1070,39e8,962,14
77136,ddd8:1071,5ba8,961,34
77174,61d0:1071,1048,962,37
77220,fdd8:1072,5208,951,46
77225,0cc0:1072,5d68,949,4
77245,0e48:1073,1588,946,20
77250,ea58:1072,d128,972,4
77277,e198:1072,84a8,961,26
77307,92b0:1074,62e8,942,30
77350,4908:1074,2748,963,43
77404,09b0:1075,5208,970,54
77501,96d8:1076,1048,980,96
77502,c320:1076,4ac8,986,0
77512,c3c8:1076,19e8,992,10
77554,c4e0:1077,3128,994,41
77587,a8d0:1077,39e8,991,33
77620,9208:1078,5ba8,977,33
77639,dc18:1078,64a8,972,18
77718,1cf8:1079,d208,961,79
77739,7cc0:1080,59e8,956,21
77747,4860:1079,6128,976,7
77791,6048:1081,4d68,962,43
77921,9278:1082,d3c8,982,129
77926,94a8:1082,1d68,981,5
77950,95c0:1082,d588,979,24
77989,1b70:1083,d9e8,969,38
78007,aef0:1083,af28,978,17
78031,6710:1084,59e8,981,24
78065,d668:1084,2908,983,33
78066,8518:1084,63c8,974,0
78066,8630:1084,5908,965,0
78110,8710:1085,6748,956,44
78138,3160:1085,29e8,949,27
78156,3cf8:1085,6828,934,17
78196,0630:1086,54a8,914,40
78219,2f28:1086,32e8,921,22
78268,8588:1087,42e8,921,48
78346,0550:1088,d048,927,78
78387,3278:1088,8828,922,40
78460,b128:1089,d128,905,73
78585,d0b8:1090,8128,890,125
78637,bb70:1091,3d68,864,51
78695,5128:1092,4f28,844,58
78783,c198:1093,19e8,830,87
78844,8a90:1094,1828,823,61
78868,cb38:1094,2828,834,23
78896,5a20:1095,1d68,839,28
78896,92b0:1095,5048,850,0
78902,9390:1095,5748,861,5
78907,9a58:1095,dc88,871,5
78939,9eb8:1096,29e8,879,32
78940,a048:1095,8908,895,0
78963,a278:1096,5128,894,23
78983,fe10:1097,5ac8,903,20
78989,a978:1097,52e8,933,5
78993,75c0:1097,4c88,962,3
79003,7a20:1097,5f28,991,10
79028,4438:1097,5c88,1017,24
79030,4160:1098,2128,1035,1
79066,45f8:1098,a9e8,1075,35
79073,9828:1098,8ac8,1103,6
79479,4240:1099,5908,1129,406
79504,a860:1099,4e48,1031,25
79510,ab70:1099,5ba8,934,5
79538,ae48:1099,6048,845,27
79553,6ac8:1100,5748,758,15
79606,10f0:1101,5ba8,686,52
79628,50b8:1101,5e48,619,21
79634,f278:1101,52e8,555,6
79647,f780:1102,5828,496,12
79659,5710:1102,5668,448,12
79668,ea90:1102,d2e8,403,9
79678,94e0:1102,5048,362,9
79679,21d0:1103,59e8,324,1
79683,2400:1103,3ac8,335,4
79684,2ef0:1103,89e8,346,0
79686,a128:1103,4748,357,1
79694,a438:1103,dc88,368,8
79711,4550:1104,2ac8,378,16
79713,5860:1103,6c88,396,1
79714,5cf8:1103,5c88,404,1
79738,7198:1104,d828,413,23
79756,9128:1105,d3c8,429,18
79775,0e48:1105,5668,451,19
79810,70f0:1106,34a8,471,34
79814,7f28:1106,aac8,493,4
79852,e780:1107,8748,515,38
79897,b0b8:1107,2748,539,44
79905,bf60:1108,8d68,555,7
79907,3630:1107,6748,575,2
79911,3860:1108,1ac8,590,3
79921,3cf8:1108,3c88,610,10
79997,2be0:1109,3f28,628,76
