time,block,height,node,difficulty,creation time
6,d7bb,1,92e8,1500,6.92
90,e02d,2,96a0,1500,83.36
102,8aac,3,9a20,1500,11.96
184,0efb,4,9780,1500,82.0
255,462a,5,9a20,1500,70.76
449,e2a0,6,9940,1500,194.16
453,09ad,7,9780,1500,4.44
518,a3b9,8,9780,1500,64.56
553,0c54,9,96a0,1500,35.44
588,7950,10,9da0,1500,35.36
650,4dcc,11,95c0,1500,61.24
768,be57,12,9da0,1500,118.6
1005,204a,13,9cc0,1500,237.12
1011,6473,14,9be0,1500,5.2
1083,58db,15,9940,1500,72.6
1117,303c,16,9780,1500,33.8
1161,7291,17,9b00,1500,44.44
1170,f8be,18,9860,1500,8.6
1176,f4c5,19,9da0,1500,5.88
1207,80b9,20,9cc0,1500,30.88
1237,556a,21,9860,1500,30.0
1317,e39a,22,92e8,1500,80.6
1413,7fae,23,94e0,1500,95.08
1440,300b,24,81d0,1500,27.36
1451,bbd8,24,95c0,1500,10.88
1585,f443,25,9a20,1500,133.88
1608,71fd,26,9a20,1500,22.92
1631,3862,27,96a0,1500,23.88
1635,8e48,28,81d0,1500,4.0
1760,99be,28,9da0,1500,124.36
1762,52f1,28,9cc0,1500,2.48
1773,03c3,29,96a0,1500,10.4
1790,67cd,30,96a0,1500,17.6
1869,2262,31,81d0,1500,78.76
1880,346f,31,95c0,1500,10.52
1880,713c,31,9b00,1500,0.16
1881,d562,31,9860,1500,0.84
1956,005a,32,81d0,1500,75.52
1983,5616,32,92e8,1500,27.4
1999,a359,33,9a20,1500,15.52
2092,301b,34,9780,1500,92.88
2125,65af,35,9a20,1500,33.28
2129,5f98,36,9860,1500,3.48
2310,1e0f,37,92e8,1500,181.6
2401,2594,38,9b00,1500,90.64
2449,6a7d,39,92e8,1500,48.32
2508,0514,40,92e8,1500,59.08
2544,2176,41,81d0,1500,35.48
2728,4c35,41,92e8,1500,184.36
2730,0ebd,42,81d0,1500,2.12
2772,8b74,42,9a20,1500,41.68
2807,c31d,43,9b00,1500,34.8
2848,0c56,44,9860,1500,41.64
2893,ca3f,45,95c0,1500,44.64
2920,4027,46,9a20,1500,27.32
2964,18b4,47,9860,1500,43.92
2985,0537,48,9da0,1500,20.52
3017,2894,49,95c0,1500,32.68
3068,e12e,50,9860,1500,50.36
3359,c4ab,51,9cc0,1498,291.28
3512,1cce,52,81d0,1489,153.36
3572,3124,52,9940,1489,59.92
3576,b63d,53,9780,1477,3.36
3587,211a,54,9a20,1466,11.28
3601,4a36,55,92e8,1456,14.24
3613,af3d,56,9b00,1448,11.76
3655,0407,57,9cc0,1444,41.92
3676,b910,58,96a0,1439,21.32
3691,d755,59,92e8,1435,14.84
3755,2586,60,92e8,1431,63.64
3781,100d,61,9cc0,1427,26.12
3818,0573,62,9a20,1423,36.8
3872,82e7,63,9b00,1421,54.12
4066,ef8e,64,92e8,1424,194.04
4103,2dff,65,92e8,1422,37.04
4108,8fa1,66,9940,1421,4.96
4119,9de3,67,95c0,1421,11.36
4137,b0bb,68,96a0,1422,17.36
4311,aa76,69,9780,1422,174.12
4328,2eae,70,95c0,1418,17.2
4335,0ed8,71,9be0,1415,6.96
4439,1df6,72,94e0,1412,103.92
4493,eeee,73,9cc0,1409,53.96
4511,a3cd,74,9cc0,1407,18.24
4520,5fb8,75,9b00,1405,8.84
4689,33dd,76,9780,1406,169.56
4736,5083,77,9780,1404,46.52
4758,2cb1,78,94e0,1401,21.84
4823,4cd8,79,9860,1401,65.68
4825,2fb4,80,9be0,1399,1.4
4902,8035,81,9da0,1398,77.36
4916,d2cc,82,94e0,1397,14.36
4926,36cf,83,9be0,1398,9.36
5046,2811,84,94e0,1399,120.48
5242,882a,85,9780,1400,195.44
5250,dee5,86,95c0,1397,8.24
5266,02a7,87,9da0,1394,15.52
5299,3686,88,92e8,1395,33.12
5367,eb09,89,94e0,1397,68.52
5405,2b2c,90,92e8,1398,37.68
5432,6103,91,9b00,1400,27.48
5498,a3b3,92,95c0,1407,65.8
5740,594d,93,9a20,1413,242.16
5774,a55f,94,9da0,1414,34.12
5778,61a6,94,94e0,1414,3.12
5781,2756,95,81d0,1415,3.0
5802,6611,95,9860,1415,21.8
6116,2643,96,92e8,1417,313.64
6177,1135,97,9860,1412,61.24
6195,5295,98,9780,1407,17.6
6196,692c,98,94e0,1407,1.36
6367,df0b,99,9da0,1402,170.6
6375,5308,100,9860,1394,8.68
6450,f087,101,9780,1387,74.24
6542,b369,102,9cc0,1384,92.56
6630,3a4a,103,81d0,1384,87.84
6631,c0a0,103,92e8,1384,0.88
6790,a192,104,9be0,1382,159.36
6812,69f9,105,95c0,1377,21.8
6814,5039,106,9be0,1372,2.36
6821,1847,107,95c0,1367,6.88
6827,e071,108,9780,1363,5.96
6863,772e,109,9860,1359,35.64
6891,7de3,110,9be0,1355,27.72
6937,894e,111,9940,1352,46.0
7068,290c,112,92e8,1348,131.2
7228,4693,113,9da0,1342,160.2
7283,63c3,114,9780,1334,55.08
7297,a929,115,9be0,1329,14.16
7380,d704,116,9780,1324,82.32
7512,a1fc,117,9b00,1318,132.24
7530,2ac8,118,9940,1309,18.24
7653,c637,119,92e8,1300,123.28
7696,d226,120,9da0,1292,42.36
7710,e04d,121,9cc0,1284,14.12
7745,013e,122,92e8,1276,34.92
7759,4ecf,123,81d0,1269,14.0
7857,0abd,123,9940,1269,98.32
7866,2c62,124,9cc0,1261,8.76
7888,f70c,125,9da0,1253,22.56
7953,ebcd,126,9cc0,1245,64.24
8255,bd1d,127,9780,1239,302.04
8403,04c1,128,9be0,1229,148.56
8408,1948,129,9be0,1217,4.48
8451,a0c1,130,96a0,1206,43.36
8486,8345,131,9da0,1194,34.56
8539,b071,132,9780,1183,53.04
8571,30d6,133,9780,1171,32.6
8576,ffb4,134,9cc0,1159,4.92
8593,36a4,135,9780,1149,17.16
8596,0e8d,136,96a0,1142,2.2
8672,096d,137,96a0,1135,76.52
8684,d022,138,81d0,1127,11.8
8686,60ba,138,95c0,1127,1.76
8696,a4d6,139,9940,1120,9.96
8722,1b10,140,9a20,1114,26.84
8773,ee42,141,92e8,1108,50.76
8839,d768,142,9b00,1102,65.84
8843,3841,143,81d0,1096,4.28
8928,82a8,143,9cc0,1096,84.48
8963,4daa,144,9b00,1092,34.96
9096,4ece,145,94e0,1088,133.04
9149,aff4,146,9780,1082,53.0
9215,d639,147,9b00,1081,65.68
9292,1e10,148,9b00,1080,77.04
9324,14f4,149,96a0,1078,32.0
9455,ad94,150,9a20,1078,131.6
9509,0cc3,151,9940,1076,54.16
9541,c106,152,9a20,1074,31.6
9561,e44a,153,9da0,1074,20.4
9585,38c0,154,92e8,1075,23.36
9586,e876,154,9da0,1075,1.24
9646,f1cf,155,92e8,1078,59.88
9681,50a7,156,9940,1081,35.48
9778,4836,157,94e0,1083,97.12
9803,b08b,158,92e8,1083,24.88
9812,ca9d,159,81d0,1083,8.48
9821,8d91,159,96a0,1083,9.44
9851,1618,160,96a0,1083,30.04
9855,bdee,161,81d0,1083,3.64
9893,7e2c,161,9940,1083,37.72
9910,57c0,162,9cc0,1083,17.0
9916,2719,163,9be0,1085,6.04
9918,7a16,163,9a20,1085,1.92
9992,a75b,164,96a0,1090,74.52
10001,522a,165,9860,1095,8.8
10039,c33f,166,9a20,1100,38.44
10067,d5c6,167,81d0,1106,27.48
10132,e3ea,167,9860,1106,65.24
10151,e173,168,9a20,1113,18.64
10176,f89e,169,9780,1120,24.96
10179,de1c,170,9860,1129,3.24
10193,7cea,171,9a20,1139,14.12
10212,845c,172,95c0,1149,18.68
10218,7a88,173,92e8,1160,6.76
10237,c115,174,9b00,1173,18.52
10308,4a24,175,9a20,1186,70.96
10482,dd36,176,9da0,1198,174.2
10636,2ae8,177,9b00,1208,154.28
10664,acd4,178,9cc0,1222,27.84
10667,3dd0,179,9cc0,1239,2.44
10671,34e0,180,92e8,1256,4.24
10881,a484,181,9da0,1275,210.48
10898,d5c7,182,92e8,1289,16.4
11033,195c,183,9860,1304,135.36
11094,107a,184,94e0,1316,60.92
11097,15af,185,9780,1327,3.2
11142,31e3,186,9da0,1339,44.56
11159,0e8c,187,95c0,1350,17.64
11223,7000,188,9da0,1362,63.24
11260,55a8,189,9780,1373,37.48
11357,75d1,190,9be0,1383,97.2
11450,2d9d,191,9940,1392,92.88
11544,d835,192,9a20,1399,93.4
11550,2a57,193,9a20,1406,6.52
11554,09a1,194,96a0,1415,3.76
11590,887b,195,94e0,1425,36.2
11723,c069,196,9cc0,1438,132.92
11733,b7a4,197,9a20,1449,10.16
11846,27df,198,9b00,1461,112.76
11922,fb2b,199,81d0,1472,76.0
12004,ef43,199,96a0,1472,81.96
12215,d166,200,95c0,1480,210.72
12272,875a,201,9cc0,1486,56.96
12288,6f44,202,9940,1492,16.08
12306,924e,203,96a0,1498,18.6
12309,4e59,204,9940,1504,3.08
12317,b2bd,205,96a0,1511,8.04
12327,99ea,206,81d0,1519,9.88
12346,8049,206,92e8,1519,18.36
12365,31bd,207,81d0,1528,18.92
12382,ce00,208,81d0,1539,16.92
12577,b617,207,9a20,1528,195.04
12597,e1a9,208,9940,1533,20.2
12658,9d8d,209,92e8,1538,61.24
12741,ec64,210,9da0,1542,82.72
12953,f3d8,211,9780,1544,212.0
13013,dfe0,212,81d0,1542,60.04
13079,1f44,212,9da0,1542,65.92
13082,3b4c,213,9cc0,1537,3.76
13088,5bb0,214,9cc0,1532,5.4
13112,9fc1,215,81d0,1529,24.6
13171,3ba6,215,96a0,1529,58.28
13193,44c4,216,95c0,1524,22.72
13230,d07f,217,9940,1520,36.12
13269,0d8a,218,95c0,1517,39.12
13271,fcb5,218,9940,1517,1.88
13278,3f7d,219,9cc0,1514,7.08
13403,5242,220,95c0,1511,125.68
13438,dff2,221,9a20,1505,34.72
13442,4249,222,81d0,1499,4.08
13498,0fdd,222,9da0,1499,55.68
13535,3b97,223,9cc0,1492,37.0
13537,b5eb,224,81d0,1484,2.0
13626,48aa,224,9da0,1484,89.28
13633,1928,225,94e0,1474,7.12
13688,6c84,226,9da0,1466,54.72
13937,e79b,227,9be0,1461,248.92
14116,e916,228,9940,1454,178.96
14158,09bd,229,9cc0,1443,42.36
14235,d775,230,9940,1432,76.52
14236,520f,230,9cc0,1432,1.36
14338,304e,231,9b00,1419,101.48
14446,efad,232,92e8,1408,108.28
14574,c4ad,233,96a0,1396,128.52
14796,c35a,234,9da0,1384,221.48
14836,4843,235,9780,1369,40.64
14856,01a3,236,9b00,1354,19.52
14875,afe7,237,9a20,1339,18.84
14891,153d,238,95c0,1324,16.48
14905,a480,239,96a0,1310,14.0
14963,9fc8,240,9a20,1297,57.88
15011,1e44,241,9da0,1285,47.44
15078,bae7,242,9860,1274,66.92
15081,5f94,243,9cc0,1263,3.8
15128,95d6,244,9cc0,1252,46.36
15128,c8b0,244,9940,1252,0.36
15143,f859,245,9860,1241,14.96
15155,9488,246,92e8,1230,11.84
15288,5245,247,94e0,1221,133.56
15381,0ea6,248,95c0,1210,92.84
15449,0f21,249,9780,1200,68.0
15472,8a21,250,9cc0,1191,22.44
15612,6d33,251,9780,1186,140.68
15664,c90d,252,94e0,1179,52.04
15864,7cc5,253,9be0,1172,199.12
15944,49d9,254,92e8,1162,80.32
15989,2f7a,255,9780,1150,45.04
16096,f38c,256,92e8,1138,106.76
16163,6b1c,257,95c0,1125,67.24
16185,f374,258,9be0,1115,22.6
16280,9738,259,9b00,1105,94.48
16293,f01e,260,95c0,1094,12.76
16335,62fb,261,9be0,1084,42.2
16339,ea95,262,96a0,1077,4.48
16342,6eb5,263,9940,1072,2.76
16350,b128,264,9be0,1067,7.84
16460,8a18,265,9780,1062,110.08
16513,79a4,266,95c0,1057,53.16
16514,2130,266,9cc0,1057,1.08
16745,0bfd,267,92e8,1051,230.68
16768,410e,268,9b00,1042,23.4
16770,e71f,268,9780,1042,1.28
16835,c1fd,269,9be0,1034,65.4
16838,1dea,270,92e8,1025,2.44
16846,ed04,271,9b00,1018,8.76
16855,8e7a,272,94e0,1011,8.8
16909,c069,273,95c0,1005,54.28
16920,96da,274,9940,999,10.44
16956,f6c9,275,9780,994,36.28
16973,b4db,276,9860,988,16.72
17012,0ce3,277,9cc0,983,38.72
17030,8fda,278,95c0,981,18.32
17050,240a,279,94e0,982,19.68
17064,0e26,280,9780,983,14.68
17129,3a36,281,9b00,985,64.68
17180,7fab,282,9da0,988,50.92
17200,bf2e,283,9be0,992,20.12
17204,ffe1,284,9da0,998,3.92
17209,3a41,285,9b00,1009,5.12
17251,255e,286,9cc0,1020,41.64
17301,e38b,287,9940,1031,50.52
17324,d438,288,9cc0,1041,22.84
17354,6ccc,289,9be0,1051,29.8
17376,c5ee,290,9940,1061,22.4
17427,20b0,291,9da0,1072,51.04
17541,04f1,292,95c0,1083,113.44
17565,4975,293,94e0,1093,24.4
17627,4b0a,294,96a0,1103,62.04
17692,ea11,295,9780,1113,65.2
17719,da1f,296,9cc0,1122,26.48
17798,f304,297,95c0,1130,79.6
17827,6ccb,298,9da0,1140,28.88
17848,256e,299,95c0,1151,20.8
18003,1cd8,300,9780,1163,155.32
18015,320e,301,9b00,1172,11.24
18178,1692,302,94e0,1185,163.48
18207,ceea,303,95c0,1195,29.08
18238,fc3c,304,9b00,1209,31.04
18327,05b7,305,96a0,1225,89.0
18479,46b8,306,9be0,1240,151.88
18586,b49f,307,9b00,1254,106.88
18616,b9f2,308,81d0,1267,30.04
18644,16ca,308,9b00,1267,28.24
18662,8ceb,309,9da0,1279,18.0
18671,fe1e,310,96a0,1293,8.32
18694,5ef6,311,95c0,1308,23.24
18726,e888,312,81d0,1323,32.24
18745,cac3,312,96a0,1323,18.56
18787,f748,313,9b00,1337,42.16
18814,9a47,314,94e0,1350,27.68
18849,9c68,315,92e8,1363,34.2
18859,7dc2,316,95c0,1378,10.68
18907,92e5,317,95c0,1395,47.24
18920,3093,318,94e0,1418,13.4
18937,5d42,319,9da0,1441,17.12
19100,d407,320,9a20,1466,163.0
19177,1005,321,9be0,1486,77.08
19205,0c4a,322,9be0,1504,28.28
19209,8a39,323,9b00,1522,3.12
19407,3c12,324,9da0,1542,198.56
19509,083d,325,9a20,1556,102.08
19578,d4aa,326,81d0,1568,69.0
19707,fcf3,327,81d0,1579,128.76
19943,a809,326,9780,1568,236.28
19968,30f2,327,96a0,1568,25.04
20004,a2c1,328,94e0,1569,36.16
20093,9fb1,329,9da0,1569,88.72
20270,1236,330,9b00,1567,176.6
20286,a2ff,331,9be0,1561,16.72
20428,2520,332,9be0,1557,141.72
20574,417d,333,95c0,1550,145.32
20574,e23f,334,92e8,1540,0.64
20583,1a03,335,9da0,1531,8.56
20705,4c57,336,9780,1522,122.56
20773,de8b,337,95c0,1511,67.36
20783,c287,338,9860,1500,10.32
20897,5c3b,339,9da0,1489,114.0
21019,264d,340,92e8,1476,121.56
21043,8857,341,96a0,1461,24.76
21066,1d28,342,9cc0,1447,22.48
21087,c098,343,94e0,1435,20.76
21177,c270,344,9b00,1423,90.8
21213,c2b0,345,9b00,1411,35.6
21225,b468,346,81d0,1399,11.88
21267,5726,346,9a20,1399,42.64
21304,07d7,347,9a20,1387,36.16
21323,3ada,348,9a20,1376,19.4
21348,a7f1,349,94e0,1365,24.6
21374,9ba9,350,95c0,1354,26.88
21408,a6bf,351,9780,1346,34.0
21425,d411,352,94e0,1337,16.68
21479,de65,353,9a20,1331,53.68
21487,71eb,354,9be0,1325,8.4
21514,27c4,355,9be0,1319,26.96
21538,723c,356,95c0,1315,23.96
21651,2c19,357,96a0,1313,113.0
21706,3e4d,358,9940,1311,54.96
21730,018f,359,9b00,1309,23.84
21750,c96c,360,92e8,1307,20.52
21800,d02f,361,95c0,1305,49.6
21826,b7d6,362,9860,1302,25.96
22011,b641,363,9860,1300,184.64
22046,9d9e,364,9780,1295,35.72
22283,a543,365,94e0,1290,237.0
22295,45ba,366,9be0,1281,11.68
22314,8f8b,367,92e8,1272,18.68
22316,eac7,368,9780,1263,2.2
22321,d711,369,81d0,1255,4.68
22353,46e0,369,96a0,1255,32.32
22377,d0bb,370,9da0,1246,23.76
22382,db77,371,9cc0,1240,5.04
22399,a954,372,81d0,1235,17.44
22482,bbc7,372,92e8,1235,82.4
22491,260c,373,81d0,1231,9.44
22506,e383,373,9da0,1229,14.84
22527,45bb,374,81d0,1225,21.08
22592,567f,375,81d0,1222,64.68
22611,5f3e,374,9cc0,1223,19.52
22759,c03a,375,94e0,1218,147.36
22798,81a7,376,9cc0,1213,39.0
22889,8246,377,9cc0,1216,91.8
22907,5b58,378,81d0,1217,18.04
22948,c1b3,378,9940,1217,40.24
22982,18e8,379,95c0,1218,34.52
23009,c4c2,380,9860,1220,26.6
23120,579d,381,94e0,1225,110.96
23246,93c5,382,81d0,1228,126.72
23274,c43c,382,96a0,1228,27.52
23285,383b,383,9780,1231,10.72
23464,a90a,384,9780,1237,179.08
23575,515f,385,92e8,1239,111.72
23584,6c08,386,9860,1239,8.28
23958,6022,387,9da0,1241,374.0
23969,624a,388,9a20,1237,11.4
23988,ef29,389,9be0,1233,18.48
24079,3250,390,9940,1231,90.92
24172,d87f,391,9b00,1229,93.52
24251,ae4c,392,96a0,1226,78.88
24289,68d0,393,9940,1222,38.08
24338,1ff4,394,96a0,1218,49.28
24353,2ccd,395,94e0,1214,15.0
24366,e815,396,9b00,1211,12.64
24501,66ba,397,9da0,1209,135.24
24509,df51,398,96a0,1205,7.68
24520,804e,399,9940,1201,11.36
24572,f506,400,9a20,1197,51.96
24574,b3c2,401,9780,1193,2.08
24616,54ec,402,9940,1189,41.72
24683,4662,403,9be0,1185,66.72
24689,04ef,404,9860,1181,6.32
24697,1e2a,405,96a0,1177,7.72
24726,df9d,406,9780,1173,29.08
24737,5a9b,407,9a20,1169,11.52
24794,54f6,408,9940,1167,56.68
24823,070f,409,9b00,1165,29.48
24846,b80f,410,9940,1163,22.2
24846,9693,410,9780,1163,0.68
24885,ffd5,411,9860,1161,38.6
24889,d96d,412,9be0,1159,4.16
24916,50e1,413,95c0,1157,26.72
24932,c01f,414,9b00,1158,15.84
25011,8f93,415,94e0,1160,79.48
25050,d778,416,9780,1165,38.88
25077,266e,417,9cc0,1169,26.72
25123,e691,418,9b00,1173,45.92
25123,f458,418,9780,1173,0.8
25168,4e79,419,9940,1176,45.0
25183,7413,420,9da0,1179,14.16
25222,35dd,421,9a20,1182,39.64
25275,4698,422,9780,1185,52.28
25287,82e8,423,92e8,1189,12.08
25300,e259,424,9cc0,1193,13.64
25332,2de8,425,9860,1199,31.24
25417,f13a,426,9cc0,1208,85.56
25513,3c1f,427,92e8,1216,96.36
25575,2016,428,95c0,1224,61.84
25583,c327,429,9860,1232,7.28
25632,2ad1,430,92e8,1240,49.48
25646,14cd,431,9780,1248,13.56
25743,3468,432,9a20,1258,97.48
25831,8a68,433,94e0,1270,88.36
25872,c30c,434,9cc0,1280,40.84
25877,a12b,435,96a0,1294,4.76
25960,0e58,436,92e8,1311,82.56
26003,1e6f,437,92e8,1326,43.08
26030,559b,438,9940,1351,27.64
26112,b65d,439,9860,1376,81.96
26151,e16f,440,9780,1399,38.88
26332,3378,441,81d0,1425,180.48
26443,224e,441,96a0,1425,111.8
26462,8a71,442,9be0,1444,18.32
26556,8ab7,443,96a0,1466,93.8
26578,da68,444,96a0,1486,22.68
26601,00ec,445,9b00,1507,22.6
26615,32ae,446,9b00,1528,14.0
26649,5b5a,447,94e0,1550,34.4
26650,a785,447,95c0,1550,0.76
26661,f5de,448,94e0,1576,10.88
26683,2ee7,449,9b00,1602,21.68
26801,38d2,450,9b00,1628,118.56
27008,c1d5,451,9a20,1652,206.72
27080,e7ef,452,9da0,1669,71.8
27216,5d42,453,9b00,1685,135.88
27265,76e5,454,95c0,1699,49.24
27290,9fab,455,94e0,1712,25.44
27305,e1b3,456,96a0,1724,14.84
27379,44cb,457,94e0,1737,73.8
27467,21eb,458,9860,1748,87.96
27499,84de,459,9860,1758,32.64
27575,8831,460,9780,1768,76.04
27679,0f9f,461,9b00,1776,103.36
27683,d189,462,9da0,1782,3.84
27728,10db,463,9b00,1788,45.24
27822,98e6,464,94e0,1793,93.6
27829,a225,465,9be0,1796,7.72
27866,4716,466,9a20,1801,37.04
28005,8721,467,81d0,1806,138.6
28193,40d0,467,9da0,1806,188.6
28210,efa5,468,92e8,1802,16.08
28216,4a89,469,9780,1799,6.36
28339,570d,470,9be0,1797,123.0
28512,614f,471,94e0,1792,173.04
28537,11f0,472,9780,1783,24.84
28563,8a37,473,9da0,1775,26.48
28614,f020,474,95c0,1767,51.08
28730,40ab,475,81d0,1758,115.96
28993,8304,476,81d0,1747,263.12
29176,bf57,475,95c0,1758,182.4
29411,91a3,476,9860,1736,234.92
29428,9fda,477,81d0,1731,17.16
29428,1278,477,94e0,1711,0.48
29484,3de1,478,9780,1688,55.12
29560,34cb,479,96a0,1665,76.12
29581,40a0,480,95c0,1641,20.92
29627,03e0,481,9860,1618,46.28
29653,a01a,482,9a20,1595,26.04
29683,c793,483,9860,1574,30.0
29864,28fd,484,9da0,1554,181.2
29873,63fb,485,95c0,1531,8.72
29898,ef1e,486,95c0,1509,24.76
29908,2bb4,487,9cc0,1488,10.76
30011,6715,488,9940,1468,102.32
30019,df03,489,95c0,1447,8.64
30035,72d3,490,81d0,1428,16.2
30164,5660,490,9da0,1428,128.28
30170,4523,491,81d0,1409,5.76
30178,d5e3,491,94e0,1407,8.16
30231,0d22,492,94e0,1391,53.76
30251,6ffc,493,9cc0,1375,19.28
30263,f928,494,9b00,1360,12.76
30271,1d3f,495,9da0,1346,7.48
30335,5962,496,94e0,1332,63.88
30391,34f6,497,9b00,1317,55.72
30417,d520,498,96a0,1302,26.72
30498,eaf0,499,81d0,1287,81.16
30623,1e38,499,9cc0,1287,124.36
30645,ca48,500,9780,1269,22.36
30658,9edb,501,9940,1253,12.76
30660,b2c3,501,9da0,1253,1.96
30671,0f86,502,9860,1240,11.48
30680,f36f,503,9860,1228,8.32
30719,aa17,504,92e8,1219,39.48
30722,7361,505,9780,1210,2.88
30737,5265,506,96a0,1201,14.68
30771,805d,507,9cc0,1192,33.84
30805,385a,508,9860,1184,34.0
30842,c4d2,509,9b00,1177,36.96
30958,387d,510,9da0,1170,116.72
30971,cec5,511,94e0,1162,12.52
31050,866f,512,9a20,1156,79.36
31123,a923,513,9b00,1149,72.8
31134,80d0,514,9780,1141,10.88
31143,31f1,515,9940,1135,9.36
31166,3ce6,516,9cc0,1129,22.92
31189,d80d,517,9860,1123,22.64
31255,8922,518,9780,1123,66.12
31264,6e68,519,9b00,1122,9.44
31286,e12d,520,95c0,1121,21.84
31298,fefa,521,9b00,1121,11.96
31299,667e,521,96a0,1121,0.88
31342,d88c,522,96a0,1125,42.96
31349,5231,523,9cc0,1128,7.44
31473,dd19,524,95c0,1132,123.36
31578,0212,525,95c0,1134,105.6
31697,1020,526,9cc0,1146,118.2
31735,1a61,527,81d0,1161,38.16
31794,384e,527,9be0,1161,59.8
31796,63de,527,9b00,1161,1.44
31875,8ab6,528,9cc0,1174,78.96
32007,0df1,529,96a0,1187,131.8
32049,d3c8,530,95c0,1199,42.08
32055,adc0,531,81d0,1210,5.8
32084,9566,531,94e0,1210,29.8
32204,c7f6,532,92e8,1222,119.8
32212,61bd,533,9b00,1231,8.2
32297,d4db,534,9cc0,1241,84.56
32383,287e,535,95c0,1254,86.24
32389,8d64,536,9780,1265,5.44
32402,88af,537,96a0,1276,13.72
32430,c135,538,9b00,1287,27.6
32452,edc1,539,9a20,1300,22.08
32485,c74a,540,81d0,1313,32.6
32544,d7ad,540,9b00,1313,59.28
32562,3796,541,81d0,1329,18.56
32578,2866,541,92e8,1328,16.0
32691,d54c,542,9cc0,1342,112.48
32705,50bb,543,9780,1355,14.44
32713,d444,544,9b00,1368,7.32
32868,f8bc,545,95c0,1381,155.16
32964,5fcf,546,9cc0,1391,95.76
33049,4496,547,9da0,1400,85.16
33101,ba8b,548,96a0,1408,52.44
33129,0724,549,9860,1415,27.64
33170,7d75,550,9a20,1427,41.44
33226,8364,551,9cc0,1439,55.36
33236,62f3,552,9a20,1450,10.6
33290,7411,553,9940,1461,53.92
33375,cc19,554,9b00,1471,84.92
33388,693d,555,9a20,1479,12.8
33455,11c0,556,94e0,1487,66.96
33503,2610,557,96a0,1494,48.08
33511,6639,558,9780,1500,8.16
33565,4eb4,559,9be0,1507,53.96
33643,4728,560,94e0,1514,78.28
33753,1a42,561,9780,1522,109.32
33798,f1b4,562,9da0,1527,44.92
33823,ac56,563,81d0,1533,25.04
33896,2321,563,92e8,1533,73.04
33934,cf7b,564,92e8,1539,38.8
33946,a987,565,9da0,1544,11.24
33983,a949,566,96a0,1549,36.84
34068,499c,567,9a20,1553,85.48
34129,4ec3,568,92e8,1556,60.56
34205,ee47,569,9cc0,1559,76.84
34304,4d20,570,81d0,1560,98.16
34464,5eb4,571,81d0,1559,160.08
34530,8993,570,94e0,1560,66.12
34549,6347,571,9780,1553,19.08
34551,e64a,571,9860,1553,2.16
34638,7501,572,9b00,1546,86.72
34649,86d2,573,9940,1538,11.44
34685,2127,574,9a20,1530,35.84
34751,449f,575,92e8,1524,65.72
34908,199a,576,81d0,1519,157.56
34913,ccc8,576,9780,1519,4.56
34957,9b95,577,96a0,1513,43.92
34965,021b,578,9be0,1509,8.08
34973,7db2,579,81d0,1506,7.72
35004,b2e8,579,9be0,1506,31.64
35040,af3e,580,81d0,1506,36.08
35073,a1f8,580,9cc0,1506,33.12
35099,7ebc,581,81d0,1506,25.6
35173,12ba,581,9da0,1505,74.48
35195,854f,582,96a0,1502,21.36
35300,aee6,583,9860,1502,105.08
35361,166f,584,94e0,1499,61.48
35429,d9a7,585,92e8,1497,67.44
35527,f04a,586,9780,1495,97.76
35588,b09d,587,9780,1491,61.0
35607,9747,588,9da0,1486,19.28
35666,9b6d,589,96a0,1481,58.8
35757,9572,590,9860,1475,91.08
35763,6f79,591,96a0,1469,6.36
35858,0cb5,592,9a20,1464,94.8
36034,912f,593,81d0,1460,175.6
36052,9cd0,593,9cc0,1460,18.6
36055,90a9,593,94e0,1460,2.72
36143,6405,594,9780,1452,88.16
36158,9295,595,9780,1442,14.68
36172,ad40,596,81d0,1435,14.6
36177,a223,596,96a0,1435,4.8
36228,4b02,597,9cc0,1430,50.76
36250,33a1,598,9cc0,1425,21.76
36420,911a,599,92e8,1421,170.28
36507,5da8,600,94e0,1414,87.12
36533,1b33,601,95c0,1406,26.16
36543,d0c2,602,96a0,1399,9.88
36614,fe97,603,95c0,1392,71.44
36740,e99a,604,92e8,1384,125.32
36746,948a,605,9be0,1376,6.6
36840,1c0b,606,9da0,1368,93.48
36890,08b7,607,81d0,1359,50.08
36890,1f28,607,95c0,1359,0.52
36892,3b2e,607,9cc0,1359,1.16
36916,b4b9,608,9a20,1350,24.64
37001,08bc,609,92e8,1341,85.12
37121,a5a9,610,95c0,1331,120.0
37145,4716,611,96a0,1321,23.44
37171,0da9,612,9cc0,1312,25.88
37226,8574,613,95c0,1304,54.96
37264,6417,614,9a20,1297,37.88
37341,ea8b,615,9780,1290,77.52
37375,e9ac,616,9860,1282,33.44
37482,0d69,617,94e0,1274,107.88
37489,b0cd,618,9be0,1265,6.92
37510,8b90,619,9cc0,1257,20.68
37526,d755,620,92e8,1250,16.12
37581,5c00,621,92e8,1250,55.12
37645,0a91,622,95c0,1249,63.96
37669,49a0,623,94e0,1248,23.84
37703,3dfa,624,94e0,1247,33.8
37750,3cc5,625,9cc0,1246,47.64
37845,3ceb,626,9cc0,1246,94.64
37856,8c00,627,9da0,1247,11.28
37889,504f,628,9cc0,1249,32.56
38005,0495,629,9da0,1250,116.0
38106,0915,630,9a20,1249,101.24
38202,ba4f,631,9a20,1248,95.56
38264,be03,632,95c0,1247,62.48
38306,eea9,633,9a20,1245,41.52
38350,0714,634,92e8,1244,44.4
38374,e4f2,635,9860,1244,23.64
38527,1e87,636,9b00,1245,152.88
38621,0674,637,92e8,1244,93.92
38706,185f,638,96a0,1243,85.8
38713,09af,639,9a20,1240,6.12
38716,b6c8,640,92e8,1239,3.8
38718,f417,641,9940,1239,1.96
38842,70b7,642,9780,1239,123.32
38908,6529,643,9cc0,1239,66.52
38966,bca3,644,9860,1242,57.92
39018,82df,645,96a0,1245,52.32
39071,6929,646,9780,1247,53.12
39078,05e7,647,9940,1249,6.32
39124,fea1,648,92e8,1252,46.64
39140,60b2,649,9a20,1254,15.28
39165,6e1e,650,9cc0,1260,25.44
39202,bc44,651,9a20,1267,36.88
39218,6027,652,94e0,1274,15.8
39281,36f5,653,81d0,1281,62.68
39290,f761,653,9da0,1281,9.72
39330,5503,654,9b00,1288,39.64
39347,fa2d,655,95c0,1297,17.44
39364,3848,656,9a20,1306,16.36
39376,8252,657,9da0,1317,12.16
39432,32ba,658,92e8,1329,56.64
39754,b26a,659,9be0,1340,321.4
39910,a02b,660,95c0,1345,155.84
39992,8ae0,661,9be0,1349,82.52
40050,4174,662,9be0,1352,57.76
40264,905f,663,9860,1354,214.44
40309,63c5,664,9860,1353,44.36
40319,30fb,665,9a20,1351,10.08
40322,daed,666,96a0,1351,3.4
40490,f9c5,667,95c0,1352,167.72
40524,05fb,668,94e0,1351,33.76
40529,5b19,669,96a0,1350,5.72
40540,66b1,670,9da0,1349,10.96
40550,7af5,671,9940,1348,10.04
40557,5fb9,672,96a0,1348,6.56
40599,e66d,673,9da0,1350,41.64
40702,5939,674,81d0,1351,103.36
40874,a8c5,674,9da0,1351,171.48
40983,c812,675,92e8,1347,109.84
41061,92ae,676,9940,1341,77.6
41161,eb61,677,9940,1336,99.92
41276,ad15,678,95c0,1329,115.28
41329,6c39,679,95c0,1320,52.68
41341,c6de,680,9b00,1313,12.24
41406,0939,681,9940,1308,65.04
41488,2f46,682,94e0,1303,81.92
41549,cc01,683,94e0,1298,60.68
41589,4e9f,684,9b00,1292,40.2
41728,73d1,685,9b00,1287,138.68
41788,ad26,686,9780,1279,60.0
41823,65b5,687,9be0,1273,35.56
41933,28d4,688,96a0,1268,109.8
41962,8610,689,9780,1263,28.56
41963,09cb,689,92e8,1263,1.24
42009,1c55,690,9a20,1257,45.88
42138,05e6,691,9940,1251,129.44
42203,2d6a,692,9be0,1242,65.08
42214,e11d,693,9da0,1234,11.04
42228,c81d,694,9be0,1228,13.56
42366,ab79,695,9da0,1222,138.16
42444,7767,696,9860,1215,78.56
42452,9286,697,96a0,1207,7.6
42620,f4d0,698,9b00,1199,168.2
42661,2277,699,9780,1189,41.04
42717,887a,700,9a20,1179,56.0
42826,4e1b,701,9da0,1169,108.88
42858,2181,702,9860,1158,32.04
42962,3d9b,703,9940,1146,104.2
42970,8765,704,96a0,1134,7.96
42988,6496,705,92e8,1123,17.76
43051,10a8,706,94e0,1112,62.96
43169,c004,707,9780,1100,117.6
43221,9e3c,708,9b00,1087,52.48
43247,f16e,709,9940,1074,25.84
43256,2b68,710,9be0,1065,8.52
43286,da16,711,9a20,1059,30.32
43326,5368,712,95c0,1054,39.96
43359,08bc,713,9940,1049,33.28
43387,859c,714,9a20,1047,28.12
43459,1c55,715,9b00,1045,71.72
43553,a3c6,716,9cc0,1042,94.32
43612,3cf3,717,81d0,1038,58.44
43764,1d4b,717,96a0,1038,152.24
43821,36f6,718,9cc0,1033,56.8
43887,0536,719,9940,1028,66.04
43933,d2a5,720,9860,1022,46.32
43936,76dd,721,9cc0,1015,2.72
44049,3921,722,9be0,1008,113.52
44051,1b76,722,92e8,1008,1.36
44148,1c26,723,9940,1000,97.16
44265,cd83,724,9780,991,117.24
44323,08d9,725,9cc0,984,57.84
44333,2156,726,92e8,978,10.24
44337,3ee3,727,9a20,973,3.44
44344,38ea,728,9780,970,7.8
44366,52d0,729,92e8,968,21.56
44439,fadb,730,9780,967,72.6
44450,6966,731,9860,965,10.96
44533,0d47,732,9b00,964,83.92
44549,6be4,733,9da0,963,15.8
44572,34b3,734,9da0,962,22.96
44600,c09b,735,81d0,962,28.24
44689,0dd8,735,9a20,962,89.0
44755,a0cc,736,96a0,962,65.08
44783,1eae,737,9780,962,28.72
44795,7cf6,738,96a0,962,11.48
44915,d6df,739,9780,964,120.08
44933,9804,740,9cc0,964,18.4
44977,c352,741,9da0,965,43.76
44999,1a92,742,94e0,967,21.52
45005,0a94,743,9b00,970,6.0
45236,1c03,744,81d0,973,231.72
45247,7a74,744,95c0,973,10.56
45266,38bc,745,96a0,972,18.72
45279,9baf,746,81d0,973,13.56
45315,a924,746,94e0,973,36.32
45329,b0a7,747,96a0,975,13.84
45333,0be1,748,9780,977,4.08
45349,ef53,749,9780,981,16.08
45435,fed9,750,9cc0,986,85.12
45494,dcab,751,9a20,990,59.16
45546,5ec7,752,9a20,995,52.24
45607,cefc,753,9b00,1000,61.28
45613,080b,754,9cc0,1006,5.76
45633,1709,755,9be0,1012,19.56
45649,cc1e,756,9da0,1018,16.56
45672,9eb6,757,9780,1025,22.68
45673,e64e,758,9860,1034,1.2
45699,0efa,759,94e0,1044,25.96
45717,8f9e,760,94e0,1054,18.04
45742,9777,761,95c0,1064,24.64
45822,b2a7,762,9860,1074,80.12
45835,44e1,763,9a20,1083,13.28
45858,a577,764,9b00,1093,23.44
45881,3823,765,92e8,1103,22.12
45967,4b71,766,9a20,1114,86.2
46104,c031,767,9da0,1126,136.88
46115,c9b5,768,81d0,1140,11.48
46218,0b7e,768,9860,1140,103.08
46231,0110,769,9cc0,1152,13.0
46246,149b,770,94e0,1166,15.08
46255,a669,771,81d0,1181,8.36
46262,8220,771,94e0,1181,6.96
46285,85ff,772,92e8,1196,23.6
46318,2cc4,773,9860,1213,32.6
46449,5a06,774,9940,1232,131.36
46505,8416,775,92e8,1251,55.44
46563,51a1,776,9940,1271,58.24
46658,1de6,777,81d0,1290,95.6
46663,db6b,777,9940,1290,4.8
46695,029a,778,95c0,1306,32.2
46706,8386,779,9940,1322,10.24
46776,1240,780,9cc0,1338,70.76
46792,9afd,781,81d0,1354,15.44
46882,7aa3,781,9da0,1354,89.84
46890,e8c8,782,92e8,1368,7.8
46913,80cc,783,9cc0,1384,23.04
46934,5ca8,784,9be0,1400,21.52
46994,1bdb,785,9a20,1416,59.52
47031,be39,786,9da0,1434,36.96
47046,5c77,787,9780,1453,15.64
47059,b559,788,9b00,1473,13.04
47203,e5cb,789,9da0,1493,144.24
47293,986d,790,9b00,1513,89.84
47343,d6b2,791,81d0,1531,49.52
47443,0d03,791,9940,1531,100.2
47459,598a,792,9be0,1546,15.52
47482,f97f,793,96a0,1561,23.92
47525,9ae3,794,9940,1575,42.44
47580,8b7b,795,9860,1596,55.28
47590,ac38,796,9940,1616,9.76
47634,5aaa,797,9cc0,1638,44.32
47666,b7f6,798,9da0,1659,32.2
47714,21e0,799,95c0,1679,47.76
47759,a35c,800,9860,1699,45.16
47764,2459,801,9be0,1720,4.44
47785,03f0,802,92e8,1744,21.32
47807,683d,803,9940,1769,21.84
47809,1978,804,9cc0,1796,2.08
47919,dca1,805,9be0,1824,110.32
47949,7dcf,806,9b00,1848,29.28
47977,874e,807,9a20,1872,28.4
48109,ada3,808,81d0,1896,132.4
48251,bd9c,808,95c0,1896,141.64
48252,f471,808,9a20,1896,0.8
48266,481a,809,9b00,1910,14.08
48274,a097,810,95c0,1924,7.76
48349,f5ac,811,9780,1939,75.32
48368,730f,812,81d0,1952,18.76
48690,2dad,812,9940,1952,322.28
48718,3020,813,95c0,1956,27.44
48726,c8a9,814,92e8,1959,8.0
48842,0b02,815,94e0,1963,116.52
49120,9dce,816,9da0,1964,278.12
49151,8100,817,92e8,1959,31.24
49350,5092,818,9860,1957,198.6
49501,b6ac,819,9da0,1952,151.2
49609,cec2,820,9860,1943,107.72
49627,5d0a,821,95c0,1931,18.4
49642,9407,822,9a20,1919,14.92
49702,af3e,823,9da0,1908,60.16
49737,3470,824,92e8,1896,34.76
49919,edc0,825,95c0,1887,182.08
49923,8a64,826,9cc0,1874,4.0
49990,6ab7,827,94e0,1863,66.52
50040,0078,828,9da0,1853,50.16
50319,8d48,829,9be0,1842,279.24
50336,c755,830,9940,1824,17.0
50392,e4e5,831,92e8,1808,56.16
50394,3367,831,9860,1808,2.0
50477,7616,832,9b00,1793,83.08
50508,ebca,833,96a0,1777,30.68
50586,a846,834,9940,1760,77.64
50604,acb9,835,92e8,1742,17.8
50610,1c80,836,9b00,1725,6.8
50624,6d61,837,95c0,1709,13.28
50648,9598,838,9940,1694,24.36
50694,24ec,839,9be0,1678,46.36
50696,d5fc,839,9860,1678,1.88
50728,c26a,840,81d0,1665,32.04
50777,fe82,840,96a0,1665,48.84
50839,4739,841,92e8,1652,61.56
50968,35f4,842,81d0,1641,128.88
51272,e42b,842,9780,1641,304.24
51339,ddad,843,9cc0,1621,67.04
51388,b9e3,844,92e8,1600,49.32
51430,79ba,845,9cc0,1579,42.04
51571,8aa2,846,9780,1559,140.4
51726,57be,847,94e0,1537,155.4
51752,b3ca,848,95c0,1513,26.0
51755,ea0a,849,81d0,1489,3.08
52002,89b0,849,9780,1489,247.08
52082,8c66,850,96a0,1462,79.6
52085,dcfe,851,9b00,1435,2.88
52193,2250,852,95c0,1409,108.24
52200,78e5,853,94e0,1382,7.52
52216,21ea,854,9da0,1355,15.56
52273,128a,855,81d0,1329,57.24
52277,bad8,855,9a20,1329,4.24
52295,d73d,856,9780,1304,17.6
52389,3bdd,857,96a0,1280,93.52
52451,1819,858,9da0,1255,62.32
52464,6056,859,94e0,1234,12.72
52487,49a2,860,9cc0,1213,23.44
52561,697e,861,94e0,1192,73.88
52582,e870,862,9a20,1171,21.48
52679,e6e5,863,9cc0,1155,96.88
52682,8f27,864,96a0,1139,2.88
52699,b630,865,9da0,1123,16.76
52754,4fa7,866,9b00,1108,54.76
52825,3e54,867,81d0,1097,71.2
52839,36b9,867,9b00,1097,13.68
52871,8056,868,9a20,1085,32.92
52880,eecf,869,92e8,1076,8.72
52938,641d,870,9be0,1069,57.56
52945,2d1a,871,9da0,1063,7.72
53051,f595,872,95c0,1057,105.12
53056,4296,873,9b00,1050,5.52
53093,0583,874,9a20,1044,36.6
53096,4293,875,9be0,1038,3.28
53100,3470,876,96a0,1035,4.24
53129,08f1,877,95c0,1032,29.24
53177,e0be,878,9940,1029,47.72
53195,67d8,879,94e0,1026,17.4
53216,3922,880,9b00,1028,21.28
53226,6394,881,9da0,1030,10.56
53241,1fa8,882,96a0,1032,15.0
53244,ab31,883,9860,1036,2.76
53281,b9fb,884,95c0,1040,36.84
53313,68eb,885,9da0,1045,31.52
53363,a071,886,9cc0,1050,50.24
53396,d7d1,887,9cc0,1054,32.8
53407,c3d0,888,95c0,1058,11.76
53420,8f95,889,9860,1062,12.88
53431,ebf0,890,81d0,1067,10.48
53436,0edb,890,9cc0,1067,5.12
53475,fee6,891,9940,1073,39.52
53491,839f,892,9860,1079,15.8
53538,975e,893,96a0,1095,46.56
53545,bff3,894,9940,1112,7.52
53563,405d,895,81d0,1130,17.72
53604,757f,895,9940,1130,40.88
53609,020d,896,9940,1148,5.44
53665,fdf3,897,92e8,1170,55.24
53724,da43,898,9cc0,1195,59.8
53895,e871,899,9b00,1220,171.0
53938,4d48,900,9780,1248,42.96
53947,756c,901,92e8,1278,8.36
54015,040e,902,9be0,1308,68.24
54112,0afb,903,9780,1341,97.24
54307,cfea,904,92e8,1371,195.16
54457,c1ca,905,9780,1395,149.32
54460,aa49,906,9940,1417,3.64
54519,3b51,907,95c0,1440,58.84
54613,6603,908,9780,1464,94.32
54690,23cc,909,92e8,1488,76.72
54720,865d,910,9a20,1510,29.92
54722,c928,910,9cc0,1510,1.96
54729,d739,911,92e8,1532,6.88
54839,6567,912,96a0,1557,110.52
54841,cec8,913,9780,1579,1.84
54949,8f1b,914,96a0,1605,107.44
55021,001d,915,94e0,1627,72.32
55122,c5fb,916,94e0,1647,100.64
55141,e9c3,917,9da0,1666,19.8
55181,48a6,918,94e0,1688,39.4
55298,0092,919,95c0,1710,117.2
55396,fd6a,920,9da0,1728,97.48
55458,97ea,921,9cc0,1745,62.4
55549,d155,922,94e0,1760,91.28
55966,705a,923,94e0,1776,417.28
56108,df01,924,94e0,1778,141.72
56157,6172,925,92e8,1777,48.36
56215,e2bc,926,9940,1775,57.96
56322,e7d9,927,9860,1771,107.16
56341,8a7e,928,81d0,1765,19.72
56396,27fe,928,9780,1765,54.8
56524,a5d6,929,9cc0,1758,128.04
56534,d450,930,9780,1748,9.8
57120,6fff,931,9a20,1739,585.52
57190,3887,932,9940,1716,70.56
57221,3d70,933,9da0,1692,30.72
57293,2bc4,934,9b00,1668,72.28
57301,22fa,935,9be0,1643,8.2
57306,2b80,936,9da0,1619,4.4
57376,0f18,937,81d0,1597,70.68
57473,fe6d,937,9cc0,1597,96.36
57538,d5eb,938,95c0,1572,64.76
57686,9fde,939,81d0,1547,148.16
57712,722d,939,9a20,1547,26.8
57761,5cd5,940,9940,1519,48.44
57815,5aeb,941,9be0,1491,53.6
58040,ae30,942,9780,1463,225.48
58087,cecb,943,92e8,1432,47.0
58113,565c,944,95c0,1402,25.64
58140,dc89,945,94e0,1372,26.92
58163,f30f,946,96a0,1343,23.64
58335,4b7f,947,9a20,1315,172.28
58341,1889,948,9860,1286,5.92
58353,a6a4,949,9860,1258,11.12
58358,76d9,950,9da0,1233,5.08
58438,b89e,951,9b00,1209,80.64
58451,0e51,952,96a0,1184,12.88
58464,95c7,953,95c0,1161,13.36
58469,ac21,954,9b00,1139,4.12
58585,9034,955,9860,1120,116.32
58648,2703,956,9be0,1102,62.96
58653,f118,957,92e8,1083,5.44
58726,565d,958,9780,1065,72.84
58776,1b30,959,96a0,1048,50.12
58830,3529,960,9a20,1031,53.8
58869,9267,961,9860,1014,38.92
58882,ec01,962,9a20,997,12.68
58902,9fb7,963,92e8,982,20.52
58936,4bad,964,9be0,967,33.56
58999,b6dd,965,96a0,953,62.92
59002,2dec,966,96a0,939,3.16
59012,e5a3,967,9da0,926,9.76
59012,b47a,967,81d0,926,0.36
59030,10a8,968,9b00,914,18.28
59047,3d11,969,9780,902,16.44
59072,5f8d,970,81d0,892,25.52
59090,7c26,970,9b00,892,17.76
59109,538c,971,9be0,882,18.64
59154,1bd6,972,9b00,873,45.12
59175,dd38,973,9940,865,21.64
59182,0c86,974,92e8,862,7.08
59206,82cd,975,9860,860,23.96
59222,cce3,976,9b00,859,15.68
59275,a673,977,9860,858,53.36
59279,14bc,978,96a0,858,3.12
59283,4cc5,979,9da0,859,4.8
59318,88e5,980,92e8,862,35.08
59399,5a20,981,95c0,865,81.04
59426,6b24,982,9940,876,26.32
59476,9a5f,983,9780,888,50.32
59587,060a,984,9da0,900,110.4
59595,bf48,985,9cc0,912,8.64
59598,c429,986,9940,924,2.84
59633,858d,987,9b00,936,35.32
59745,0bbc,988,81d0,951,111.2
59765,4186,988,94e0,951,20.88
59783,32fb,989,9940,965,18.04
59797,141c,990,9b00,983,13.64
59819,33cc,991,9860,1002,21.76
59908,069c,992,9860,1022,88.88
59917,b9a2,993,95c0,1046,9.04
59954,4ba5,994,92e8,1072,37.48
59971,efaf,995,94e0,1098,17.0
59988,44a3,996,9be0,1125,16.48
59995,6287,997,81d0,1153,7.64
59996,4d9a,997,9940,1153,0.36
60017,366f,998,92e8,1187,21.12
60045,e5e0,999,9860,1222,27.92
60128,5a67,1000,9860,1257,83.04
60200,9214,1001,81d0,1290,72.12
60201,486c,1001,96a0,1290,0.96
60220,7c50,1002,9b00,1324,19.32
60282,6d83,1003,9940,1359,61.48
60336,a00e,1004,81d0,1393,54.4
60338,97ce,1004,9940,1393,1.88
60355,3a9b,1005,96a0,1426,16.68
60414,b36c,1006,9780,1464,59.04
60475,a534,1007,9860,1503,61.16
60496,be0a,1008,9b00,1540,21.36
60560,a77c,1009,9cc0,1581,63.96
60597,a7bf,1010,9b00,1622,36.88
60608,c3f4,1011,96a0,1665,11.2
60652,7998,1012,9b00,1711,43.6
60804,d8ec,1013,9860,1756,152.08
61099,712b,1014,9780,1796,294.68
61175,48f5,1015,92e8,1825,76.56
61287,92e8,1016,96a0,1854,112.12
61385,b2aa,1017,9b00,1879,97.8
61386,cebe,1017,9940,1879,1.36
61484,98f6,1018,95c0,1901,97.68
61651,4c88,1019,9b00,1920,167.36
61784,fec4,1020,81d0,1933,132.04
61908,2731,1020,9cc0,1933,124.96
61958,9dbd,1021,92e8,1939,49.64
61995,e27e,1022,9b00,1943,36.84
62113,5d15,1023,94e0,1948,118.48
62135,4de5,1024,9da0,1950,21.44
62322,9935,1025,81d0,1951,187.08
62401,4148,1025,9a20,1951,79.32
62508,34d1,1026,9940,1944,106.32
62627,da3d,1027,9780,1935,119.24
62715,5fad,1028,81d0,1924,87.88
62785,cea1,1028,9940,1924,69.8
62791,db80,1029,95c0,1909,6.56
62822,2f2e,1030,9940,1894,30.8
62858,7b5f,1031,9cc0,1879,36.16
62930,2fcd,1032,94e0,1865,71.96
62993,4260,1033,9780,1850,62.72
63138,9af8,1034,9a20,1835,145.08
63318,143b,1035,9a20,1819,180.44
63447,bd3d,1036,92e8,1799,128.4
63491,4b43,1037,96a0,1776,43.96
63548,92a2,1038,95c0,1753,57.52
63605,a566,1039,9b00,1732,57.32
63615,86d2,1040,9780,1711,9.96
63616,34f0,1040,9940,1711,0.32
63655,535e,1041,9780,1690,39.28
63741,de6f,1042,9a20,1669,86.16
63782,ea5c,1043,9cc0,1648,41.24
63829,4204,1044,92e8,1627,46.96
63858,b44f,1045,9a20,1606,28.96
63979,480e,1046,9b00,1585,120.2
64009,0c42,1047,9da0,1562,30.24
64066,c1b8,1048,95c0,1539,57.44
64075,6960,1049,9be0,1516,8.76
64127,6b76,1050,9780,1493,51.72
64146,a121,1051,9780,1471,19.4
64175,d5da,1052,96a0,1450,29.0
64194,462b,1053,92e8,1430,18.96
64396,5e40,1054,92e8,1411,202.28
64502,22fc,1055,81d0,1389,106.04
64613,ec87,1055,9cc0,1389,110.56
64618,7e77,1055,9b00,1389,4.8
64684,b024,1056,9b00,1364,65.84
64717,80e0,1057,9da0,1340,33.12
64730,66f7,1058,9be0,1316,13.64
64731,558c,1058,92e8,1316,0.28
64806,0b96,1059,9a20,1293,75.52
64849,cb33,1060,94e0,1270,43.28
64854,446b,1061,9a20,1248,4.48
64868,af63,1062,81d0,1226,14.0
64873,0824,1062,95c0,1226,5.28
64892,7628,1063,96a0,1205,18.52
64897,4e0f,1064,95c0,1186,4.96
64932,18cd,1065,94e0,1172,34.88
64935,6772,1066,92e8,1158,3.72
64946,9bb7,1067,81d0,1146,10.32
64976,53ee,1067,94e0,1146,30.48
65039,0654,1068,9940,1135,62.68
65052,53f3,1069,9940,1125,13.0
65091,7a87,1070,9940,1117,39.04
65133,8f22,1071,9a20,1113,42.2
65211,68b5,1072,92e8,1109,78.4
65222,7323,1073,9cc0,1105,10.92
65262,5a7f,1074,95c0,1103,39.52
65270,7604,1075,9940,1100,8.16
65281,afd6,1076,81d0,1102,11.12
65292,ef46,1076,9860,1102,10.88
65317,cfc6,1077,9780,1106,24.96
65327,cefe,1078,94e0,1112,10.4
65347,3dea,1079,9b00,1121,19.24
65457,a066,1080,9b00,1130,110.24
65551,ade7,1081,96a0,1137,94.28
65575,dbe2,1082,94e0,1143,24.08
65613,71e6,1083,96a0,1150,37.56
65649,3e54,1084,92e8,1157,35.92
65684,f359,1085,9780,1167,35.64
65700,08d2,1086,9b00,1180,16.04
65704,5bf8,1087,81d0,1196,3.8
65711,e6b8,1087,9a20,1196,7.32
65725,fd9f,1088,96a0,1214,13.2
65938,a39c,1089,9780,1233,213.48
66030,972b,1090,9cc0,1248,91.76
66076,6a83,1091,81d0,1261,46.32
66108,ee08,1091,9b00,1261,31.48
66136,6d24,1092,81d0,1274,28.24
66148,2e12,1092,94e0,1273,12.48
66301,6d63,1093,81d0,1288,152.2
66366,0729,1093,9860,1287,65.52
66406,52a4,1094,9cc0,1296,40.28
66415,ec47,1095,9780,1305,8.16
66420,7c01,1096,9be0,1315,5.16
66433,3ac0,1097,95c0,1328,13.12
66468,6931,1098,9cc0,1342,34.8
66590,39c3,1099,9be0,1357,122.48
66614,7efe,1100,9be0,1369,23.52
66615,9a20,1101,81d0,1381,1.36
66756,bc72,1101,9b00,1381,141.36
66761,f9ef,1102,9da0,1390,4.44
66765,7ad7,1103,9860,1400,3.88
66799,8df4,1104,96a0,1410,34.12
66835,1b8b,1105,96a0,1425,36.2
66839,51c6,1106,92e8,1446,4.48
66914,ed71,1107,94e0,1470,74.52
66953,0f17,1108,9860,1493,39.04
66987,3de7,1109,9860,1515,33.48
66991,130e,1110,9be0,1539,4.2
67045,3f01,1111,9cc0,1565,54.36
67080,581f,1112,9a20,1589,34.84
67150,f83a,1113,95c0,1613,70.44
67174,44a6,1114,9860,1636,23.36
67227,d81e,1115,9da0,1658,53.4
67245,e7d2,1116,9be0,1680,17.8
67248,6f34,1117,81d0,1702,3.04
67386,6e93,1117,96a0,1702,138.52
67405,a392,1118,9780,1720,18.08
67421,b0a8,1119,81d0,1740,16.04
67452,8137,1119,9940,1740,31.76
67693,7127,1120,95c0,1759,240.24
67779,57f4,1121,9a20,1771,86.16
67891,bc8c,1122,94e0,1782,112.36
67917,ce1c,1123,81d0,1792,26.16
67926,5deb,1123,9be0,1792,8.44
67932,15f5,1124,81d0,1801,6.52
68025,3080,1124,96a0,1801,92.28
68083,b1e5,1125,9940,1808,58.2
68244,52c5,1126,9da0,1813,161.04
68262,184f,1127,9780,1814,18.0
68289,c115,1128,9940,1815,27.6
68290,93a7,1128,81d0,1815,0.76
68291,5de4,1129,92e8,1816,0.52
68445,93a9,1130,9a20,1817,154.12
68521,91c4,1131,96a0,1817,76.4
68598,9a39,1132,9860,1817,76.96
68613,908d,1133,9780,1816,14.68
68619,8be8,1134,9860,1815,6.2
68670,588c,1135,9be0,1815,51.36
68879,a65d,1136,94e0,1815,208.92
68913,a0a0,1137,9da0,1809,33.96
69256,377f,1138,81d0,1803,342.4
69262,208b,1138,9940,1803,6.16
69279,0ebe,1139,81d0,1788,16.84
69285,ecd9,1139,95c0,1788,6.68
69444,4830,1140,9da0,1778,158.64
69534,b9a8,1141,9da0,1766,90.48
69569,9850,1142,9da0,1754,34.32
69572,4888,1143,9780,1742,3.36
69766,307a,1144,9860,1736,193.44
69801,6301,1145,81d0,1726,34.96
69819,d2da,1145,9940,1726,18.12
69875,9cf8,1146,9860,1715,56.8
69920,b2c3,1147,95c0,1702,44.28
70151,ec71,1148,9780,1689,231.32
70168,6d08,1149,9da0,1671,16.52
70176,febb,1150,9780,1656,8.92
70215,040e,1151,9da0,1641,38.44
70240,5ca0,1152,92e8,1629,24.6
70273,9519,1153,9780,1616,33.16
70393,5e6f,1154,9b00,1603,120.04
70416,6676,1155,9860,1588,23.64
70441,1cab,1156,92e8,1573,24.24
70527,435b,1157,9be0,1558,86.08
70545,05d9,1158,9860,1543,17.96
70626,02f8,1159,9be0,1529,81.84
70628,d11e,1160,9be0,1514,1.76
70706,5136,1161,95c0,1499,77.68
70866,5deb,1162,94e0,1484,160.4
70920,20cb,1163,81d0,1466,53.88
71054,3491,1163,96a0,1466,133.84
71076,eaab,1164,96a0,1446,22.16
71086,0916,1165,9da0,1427,9.32
71162,6dc9,1166,92e8,1409,76.12
71218,9758,1167,94e0,1390,56.36
71235,47fd,1168,9be0,1373,17.04
71237,5519,1168,9860,1373,1.84
71281,b282,1169,9b00,1356,44.56
71356,290b,1170,9b00,1339,74.12
71365,c825,1171,9860,1325,9.8
71485,a0fb,1172,92e8,1313,120.0
71523,4286,1173,9da0,1301,38.04
71590,8e41,1174,9da0,1289,66.48
71679,d433,1175,9780,1277,89.48
71728,1536,1176,9780,1265,48.44
71758,bdd4,1177,9b00,1255,29.84
71761,e7de,1178,92e8,1245,3.84
71849,cabe,1179,9b00,1235,87.48
71863,8e02,1180,9da0,1224,14.44
71893,ea84,1181,94e0,1216,29.16
72005,204c,1182,9b00,1208,112.2
72005,733c,1182,9be0,1208,0.6
72036,655b,1183,81d0,1200,30.68
72075,4457,1183,9a20,1200,39.32
72148,fec6,1184,9da0,1191,72.4
72167,047f,1185,9da0,1181,18.88
72186,687e,1186,9860,1171,18.92
72190,ca82,1187,9be0,1165,4.72
72235,9378,1188,9860,1159,45.0
72239,c885,1189,9b00,1159,4.16
72325,cc98,1190,96a0,1159,86.04
72373,0d5b,1191,81d0,1161,47.12
72374,946b,1191,96a0,1161,1.32
72405,e1c5,1192,96a0,1164,30.64
72436,919a,1193,94e0,1167,31.32
72449,b1f9,1194,9be0,1169,12.96
72464,b621,1195,9da0,1175,15.04
72497,afd0,1196,95c0,1182,33.56
72511,b647,1197,9be0,1189,13.88
72576,b0b7,1198,81d0,1197,64.92
72586,1e57,1199,81d0,1209,9.84
72692,ee57,1198,9940,1197,105.56
72703,5b61,1199,9be0,1206,11.52
72711,9931,1200,9b00,1216,8.16
72761,cf8a,1201,9cc0,1226,49.68
72770,30f6,1202,9940,1236,9.28
72779,75ca,1203,95c0,1246,8.44
72823,7cc5,1204,9780,1257,44.28
72827,b4a3,1205,94e0,1270,4.36
72849,84a2,1206,94e0,1283,21.76
72868,5990,1207,9da0,1297,18.88
72890,410e,1208,92e8,1313,22.28
72935,e417,1209,9be0,1329,44.76
72980,1f9e,1210,94e0,1346,45.4
73076,7c23,1211,9780,1362,95.32
73117,3cd5,1212,9cc0,1378,40.96
73124,f1f5,1213,9a20,1397,7.36
73166,7aee,1214,81d0,1423,41.96
73193,0fed,1214,9cc0,1423,27.16
73270,7c58,1215,9da0,1448,76.92
73307,f2a9,1216,9be0,1471,36.68
73312,74b8,1217,9780,1495,5.08
73413,6f04,1218,9a20,1522,100.84
73580,7e7f,1219,9940,1546,167.6
73583,8c9c,1220,92e8,1566,2.84
73584,ade7,1221,9b00,1589,1.16
73587,c7e3,1222,9b00,1613,2.28
73698,938d,1223,9860,1641,111.84
73708,01e9,1224,81d0,1667,10.04
73718,fa5a,1224,9be0,1667,9.12
73775,614c,1225,9da0,1695,57.8
73834,4f9f,1226,9cc0,1725,58.16
73841,d388,1227,9b00,1755,7.88
73849,0726,1228,92e8,1787,8.0
73887,25ba,1229,9780,1819,37.64
73897,5303,1230,81d0,1854,9.72
74010,dfe9,1230,92e8,1854,113.24
74022,4eaa,1231,9860,1885,12.28
74028,4939,1232,9da0,1917,6.04
74151,a607,1233,96a0,1955,122.48
74153,0848,1234,9cc0,1991,2.24
74219,a3c0,1235,9be0,2031,65.44
74288,fd4d,1236,96a0,2069,69.16
74288,cad2,1236,94e0,2069,0.48
74359,332e,1237,9b00,2106,71.04
74413,a922,1238,81d0,2140,54.04
74485,355b,1238,9940,2140,71.56
74846,1334,1239,94e0,2171,361.24
74855,b27e,1240,95c0,2186,9.12
74874,efa4,1241,9be0,2204,18.72
74926,8a96,1242,9780,2224,52.32
74949,d9fd,1243,92e8,2243,23.28
74982,e82d,1244,9860,2262,32.08
75254,1c1d,1245,81d0,2281,272.0
75279,8026,1245,9cc0,2281,25.04
75306,b942,1246,9a20,2288,27.0
75350,235e,1247,96a0,2295,43.96
75371,e153,1248,94e0,2301,21.68
75448,6e6d,1249,9860,2314,76.88
75485,9b36,1250,9860,2324,37.0
75556,d3b6,1251,9940,2333,70.68
75618,959a,1252,9b00,2341,62.52
75646,e74c,1253,95c0,2347,27.24
75782,1357,1254,9860,2352,136.2
76001,ada1,1255,9780,2353,218.84
76093,2e51,1256,9b00,2346,92.04
76112,9644,1257,9be0,2336,19.52
76185,5a1f,1258,9780,2326,72.56
76298,286f,1259,9be0,2315,113.72
76553,bd52,1260,9da0,2301,254.64
76581,f112,1261,9cc0,2280,28.16
76604,c7ff,1262,9da0,2262,23.12
76640,d48f,1263,94e0,2245,35.4
76681,7ae0,1264,95c0,2227,41.16
76900,d96c,1265,95c0,2210,218.88
77002,b216,1266,9860,2189,101.8
77017,6a28,1267,95c0,2166,15.08
77081,a7ce,1268,9780,2143,64.4
77122,a97f,1269,9be0,2121,41.4
77147,29a9,1270,94e0,2103,24.08
77211,7b41,1271,9da0,2084,64.44
77280,3641,1272,9be0,2064,69.2
77377,952f,1273,9940,2042,97.28
77417,2bbc,1274,81d0,2021,39.44
77699,64e2,1274,9780,2021,282.44
77753,dca4,1275,9da0,1992,53.56
77781,ed4c,1276,96a0,1964,27.64
77821,503c,1277,81d0,1937,40.8
77966,9be8,1277,95c0,1937,144.92
77989,a0a1,1278,95c0,1906,22.64
78016,22bd,1279,9a20,1875,27.04
78016,c0f2,1279,92e8,1875,0.08
78044,fe2e,1280,9780,1845,28.24
78163,7556,1281,81d0,1817,118.52
78385,e670,1281,95c0,1817,222.04
78421,49d4,1282,9da0,1783,36.2
78464,67b1,1283,95c0,1749,43.04
78556,18a9,1284,9cc0,1717,92.16
78608,b2f0,1285,9da0,1684,51.96
78749,6604,1286,9be0,1652,140.8
78759,9b97,1287,9b00,1619,9.76
78861,bbbe,1288,9a20,1588,102.52
78873,c39d,1289,9b00,1558,11.92
78884,9778,1290,9a20,1535,10.32
78889,316d,1291,9cc0,1512,5.4
78951,58bf,1292,94e0,1490,62.4
79011,f575,1293,92e8,1468,59.76
79014,5239,1293,9a20,1468,2.92
79028,632c,1294,81d0,1445,13.76
79060,ac49,1294,9860,1445,32.48
79078,0bea,1295,9a20,1422,18.12
79170,89ea,1296,96a0,1405,92.08
79171,403c,1296,9a20,1405,0.56
79200,84d0,1297,9860,1387,29.32
79217,a0dd,1298,96a0,1369,16.24
79227,f757,1299,9da0,1352,10.92
79257,c430,1300,95c0,1336,29.8
79277,3a22,1301,9a20,1320,20.16
79373,e312,1302,9940,1305,95.56
79455,2f11,1303,9b00,1290,82.44
79512,ddf2,1304,95c0,1274,56.16
79523,6e8c,1305,81d0,1260,11.56
79524,8784,1305,92e8,1260,0.4
79531,a682,1306,94e0,1249,7.04
79564,668d,1307,9da0,1240,33.36
79578,8756,1308,9b00,1231,13.84
79615,241b,1309,96a0,1223,37.16
79623,f2e1,1310,94e0,1216,7.56
79633,a17d,1311,95c0,1214,10.48
79636,fa46,1311,81d0,1214,2.64
79666,7fe1,1312,9be0,1212,30.24
79691,e323,1313,94e0,1210,25.04
79805,bc3c,1314,9780,1208,113.8
79843,07a3,1315,81d0,1205,38.68
79897,acf2,1315,9780,1205,53.72
79914,93d4,1316,92e8,1205,16.72
79933,1e3b,1317,9780,1206,19.12
