time,block,height,node,difficulty,creation time
2,d61f,1,0358,1500,2600
163,6113,2,0358,1500,160520
235,bd4e,3,6668,1500,72600
271,c740,3,0358,1500,35560
337,3d4a,4,6668,1500,66680
367,d37b,4,0358,1500,29840
393,415b,5,0358,1500,25240
496,56f2,6,6668,1500,103560
583,0574,7,6668,1500,86960
658,15bd,6,0358,1500,75400
671,72ee,8,6668,1500,12840
677,55e7,7,0358,1500,6000
679,9889,8,0358,1500,1360
726,6fda,9,0358,1500,47800
755,d18d,10,0358,1500,28480
765,5597,11,0358,1500,10480
778,a579,12,0358,1500,13000
779,b9e9,13,0358,1500,840
800,c962,14,6668,1500,20320
807,1500,14,0358,1500,7200
945,c9d5,15,6668,1500,138640
1030,172f,16,6668,1500,84480
1144,61df,15,0358,1500,114440
1191,1601,16,0358,1500,46560
1199,8416,17,0358,1500,8560
1401,df65,18,6668,1500,201720
1565,f7da,19,6668,1500,164080
1620,3c08,18,0358,1500,54320
1622,0560,19,0358,1500,2120
1684,91a1,20,0358,1500,62040
1696,e7b0,21,6668,1500,11960
1715,c073,22,6668,1500,19360
1753,73c8,21,0358,1500,37840
1800,06de,22,0358,1500,47560
1802,3bfe,23,0358,1500,1680
1822,8127,24,6668,1500,19440
1826,9b9a,24,0358,1500,4800
1873,8a96,25,6668,1500,46320
1924,6afb,25,0358,1500,50960
1956,a70a,26,6668,1500,32280
1961,652d,27,6668,1500,5120
1981,30d9,26,0358,1500,19760
2014,9e98,27,0358,1500,33200
2083,4bee,28,0358,1500,68840
2150,054e,29,6668,1500,66640
2157,9f20,30,6668,1500,7240
2165,9e56,31,6668,1500,8240
2196,c5f1,29,0358,1500,30640
2196,1d6c,32,6668,1500,40
2246,1b47,30,0358,1500,50120
2303,05fb,33,6668,1500,56960
2565,b263,31,0358,1500,262360
2626,8a48,32,0358,1500,61320
2646,abe1,33,0358,1500,20040
2743,db5b,34,6668,1500,96160
2975,37cf,35,6668,1500,232200
3034,ead7,36,6668,1500,59520
3076,7af5,34,0358,1500,41960
3133,053f,37,6668,1500,56280
3195,3e19,38,6668,1500,62720
3286,ef6e,39,6668,1500,90280
3310,46cf,40,6668,1500,24800
3477,dbe5,41,6668,1500,167080
3513,0321,35,0358,1500,35600
3594,62e9,36,0358,1500,80600
3615,4935,37,0358,1500,21000
3672,e360,38,0358,1500,57720
3838,8c34,39,0358,1500,165680
3856,caa3,40,0358,1500,17720
3867,e670,41,0358,1500,11080
3873,db80,42,6668,1500,6240
3880,7b6d,43,6668,1500,7120
3900,d352,42,0358,1500,20240
3920,760f,43,0358,1500,19200
4232,b8b8,44,0358,1500,312720
4267,7d36,45,0358,1500,34240
4297,fa0c,46,6668,1500,30160
4438,3c9d,46,0358,1500,141320
4570,eec4,47,6668,1500,132200
4688,7aea,48,6668,1500,117960
4719,3979,49,6668,1500,31160
4788,e9ac,47,0358,1500,68680
5039,01d7,50,6668,1500,250640
5109,f0e6,48,0358,1500,70400
5216,9fc1,49,0358,1500,106760
5234,8564,51,6668,1461,18440
5264,fd0e,52,6668,1420,29720
5284,a581,53,6668,1382,19600
5286,d040,50,0358,1500,2280
5454,a08a,51,0358,1458,167800
5472,9b3a,52,0358,1415,18520
5473,fd79,54,6668,1346,240
5484,08f4,53,0358,1375,11480
5539,4f00,55,6668,1310,55120
5570,b42c,56,6668,1275,31360
5588,60bc,57,6668,1243,17040
5696,8f59,58,6668,1212,108800
5776,536e,59,6668,1181,79320
5781,d29c,60,6668,1150,5240
5814,0c99,54,0358,1337,33440
5896,963e,61,6668,1120,82000
5916,eb89,55,0358,1297,20080
5962,b5c7,56,0358,1258,45640
6016,bcca,62,6668,1090,54320
6026,b773,63,6668,1060,9320
6074,4560,64,6668,1030,48080
6118,94d9,65,6668,1001,44200
6120,3d82,66,6668,976,2000
6229,8698,67,6668,952,108960
6271,5863,68,6668,927,41840
6338,f2bb,57,0358,1222,66840
6352,92a5,69,6668,906,14360
6356,ab02,70,6668,885,3640
6407,2a8b,71,6668,865,50960
6423,02c0,72,6668,846,16880
6461,49a1,58,0358,1183,37440
6462,9968,73,6668,827,1120
6466,8b38,59,0358,1144,4440
6499,3da9,74,6668,808,32640
6519,c299,75,6668,790,20400
6563,69d3,60,0358,1107,43360
6582,a3f6,76,6668,773,18800
6615,8692,77,6668,756,33080
6634,9381,61,0358,1071,19160
6694,c46c,62,0358,1035,60000
6695,d20a,78,6668,740,1280
6716,e06e,63,0358,1000,20840
6724,ddfb,79,6668,724,8360
6735,86ff,80,6668,709,10240
6744,53dd,64,0358,966,9040
6759,6a0c,65,0358,933,15280
6767,3340,81,6668,694,7600
6785,f4b2,66,0358,904,18560
6862,9851,82,6668,682,76600
6879,9573,67,0358,876,16840
6939,ec8e,68,0358,848,60560
6953,6d4f,83,6668,670,13680
6974,338e,69,0358,824,21440
7005,2945,70,0358,800,31240
7070,468c,71,0358,777,64280
7077,54a7,72,0358,755,6960
7131,e2a5,73,0358,733,54640
7135,2fd4,74,0358,712,3800
7175,ec19,75,0358,691,40360
7183,4546,76,0358,671,7160
7201,a57a,77,0358,652,18160
7216,51ca,78,0358,634,15560
7217,d96f,84,6668,657,200
7230,5c55,85,6668,646,13560
7303,01cf,79,0358,617,72400
7325,f5b4,80,0358,600,22320
7381,0338,86,6668,639,55880
7415,2d84,87,6668,631,34680
7427,7470,81,0358,584,11240
7454,3e4d,82,0358,570,27360
7486,0ae5,83,0358,556,32080
7502,bdca,84,0358,542,15920
7524,1a8b,85,0358,531,22440
7533,40e6,86,0358,523,8680
7584,798a,87,0358,515,50960
7602,0247,88,6668,623,18200
7623,4ae5,89,6668,614,21120
7635,b58f,88,0358,507,11600
7665,84d0,89,0358,499,29720
7683,faba,90,0358,492,18120
7696,9e17,91,6668,486,13480
7702,c8da,92,6668,480,5280
7714,7567,93,6668,474,12120
7723,c507,91,0358,486,9160
7769,8da9,94,6668,468,46080
7793,0b80,92,0358,479,24120
7847,2a41,95,6668,464,53720
7848,1c19,96,6668,459,1120
7861,d968,97,6668,456,12960
7863,4568,93,0358,472,2400
7863,2f7b,94,0358,465,120
7874,1e47,98,6668,455,10160
7875,2cfe,99,6668,456,1760
7878,2eb1,100,6668,458,2680
7880,7b0a,95,0358,460,1600
7881,969f,101,6668,461,1400
7888,6907,96,0358,455,6840
7900,6de4,97,0358,451,12440
7924,63c9,102,6668,465,23240
7972,df96,98,0358,450,48400
7979,2ba2,103,6668,469,7480
7985,7d29,99,0358,451,5480
7989,aaaa,104,6668,473,3880
8002,0dbb,100,0358,452,13440
8006,7e99,101,0358,454,4240
8030,f4ca,102,0358,457,23080
8030,3441,105,6668,480,400
8062,be5a,106,6668,488,32240
8063,58aa,107,6668,496,1120
8085,fa00,103,0358,460,21960
8098,c993,104,0358,463,13120
8099,6d0f,108,6668,509,560
8108,443a,109,6668,524,9520
8121,f93c,105,0358,469,12280
8142,79cc,106,0358,476,20880
8152,0b08,107,0358,483,10000
8171,6abd,108,0358,495,18920
8208,eec3,109,0358,509,37160
8253,9309,110,6668,540,45120
8273,9c4b,110,0358,523,20120
8276,7b73,111,6668,555,2840
8326,dad0,112,6668,571,50520
8363,bca9,113,6668,588,36240
8433,fe8f,111,0358,537,70800
8454,d9c1,114,6668,605,20840
8502,87bb,112,0358,550,47440
8581,ca39,113,0358,564,79440
8622,a19e,115,6668,622,40760
8641,4412,116,6668,636,19280
8657,fc9a,114,0358,577,15480
8679,4eeb,117,6668,651,21960
8685,4b33,115,0358,590,6240
8712,31c2,116,0358,603,26880
8749,6426,117,0358,616,37520
8821,e4fd,118,6668,667,72080
8834,a9da,118,0358,630,12800
8907,4363,119,0358,644,72720
8907,e83f,120,0358,658,360
8973,2376,121,6668,673,65600
9058,5f95,121,0358,673,85400
9070,6d0d,122,0358,686,11520
9130,0392,123,0358,700,60200
9136,a9d4,124,6668,714,5920
9179,0a1e,125,6668,728,43320
9197,280d,124,0358,714,17800
9213,588a,126,6668,742,16560
9262,159c,127,6668,756,48880
9304,411e,125,0358,727,41320
9316,f7ab,128,6668,770,12400
9319,f7a0,129,6668,783,2520
9374,8fea,126,0358,739,55000
9394,66ea,130,6668,798,20680
9443,6277,127,0358,750,48520
9522,b1c2,128,0358,761,79480
9550,2c6f,129,0358,771,27400
9631,5c7e,130,0358,782,81440
9716,3b86,131,0358,792,85080
9748,5060,132,6668,802,32040
9759,b22c,132,0358,802,10800
9767,20ff,133,0358,812,7640
9798,99fd,134,0358,823,31760
9853,4ffe,135,6668,834,54520
9866,be03,136,6668,844,12640
9867,0098,137,6668,854,1200
9927,db41,138,6668,865,60080
9951,50f8,135,0358,834,24160
9994,08ea,136,0358,842,43240
10044,a119,139,6668,876,50240
10107,9b84,137,0358,850,62400
10155,4435,140,6668,886,47680
10160,a22a,141,6668,894,4960
10199,37b5,138,0358,857,39880
10200,2974,142,6668,903,480
10212,a7e6,139,0358,863,12240
10272,2d98,143,6668,913,59800
10296,f915,140,0358,870,24080
10328,226e,144,6668,923,32160
10389,d447,145,6668,932,60720
10399,9770,146,6668,940,9640
10414,f1d9,141,0358,876,15800
10420,2999,147,6668,948,5240
10424,43aa,148,6668,956,4200
10499,102b,142,0358,880,75000
10514,60e8,149,6668,965,15480
10565,2ecc,143,0358,884,51000
10573,444f,150,6668,973,7600
10610,4b21,151,6668,980,36720
10694,a207,152,6668,986,84000
10695,bd35,153,6668,991,1480
10706,f784,144,0358,888,11400
10721,fe1f,154,6668,997,14120
10919,dab6,155,6668,1003,198440
10926,c286,156,6668,1006,7080
10930,3039,145,0358,890,3760
11140,39d3,157,6668,1009,209840
11145,e5a6,158,6668,1009,4920
11186,8110,146,0358,889,41200
11209,db8f,159,6668,1009,23640
11269,ed89,160,6668,1008,59280
11295,1044,147,0358,884,26120
11309,2ae2,161,6668,1008,13880
11331,9725,148,0358,878,22520
11363,4172,149,0358,873,31880
11382,fd8f,162,6668,1010,19320
11396,57c3,150,0358,867,13800
11451,9ea1,151,0358,861,54640
11470,c8ba,152,0358,855,19160
11497,6d32,153,0358,849,26560
11514,0584,154,0358,843,17840
11521,8e41,163,6668,1012,6840
11529,12e5,155,0358,837,7800
11533,5fc7,164,6668,1013,3920
11746,5092,165,6668,1015,212680
11756,6942,156,0358,831,10640
11799,2d1e,157,0358,823,42880
11856,4047,158,0358,814,56400
11888,3bb0,166,6668,1013,32560
11899,e28a,159,0358,805,11040
11919,d179,160,0358,796,19320
11930,2066,167,6668,1010,11600
11940,61bf,168,6668,1007,9920
11962,2e6f,161,0358,788,21920
12072,11df,169,6668,1005,110520
12095,1165,170,6668,1002,22360
12260,dc30,171,6668,998,165160
12288,23e1,162,0358,781,28160
12298,2c2a,172,6668,994,9440
12301,4b1b,163,0358,771,3000
12308,76d1,164,0358,762,7240
12348,f15b,165,0358,754,40640
12367,347b,173,6668,990,18200
12407,bde9,174,6668,986,40160
12491,84bc,175,6668,982,83720
12519,76f3,176,6668,979,28600
12571,dd02,177,6668,976,51800
12642,e688,178,6668,973,71120
12650,5417,166,0358,746,7720
12671,6fa7,179,6668,971,21400
12717,cfb4,167,0358,735,45840
12744,1b82,180,6668,969,27120
12751,e926,181,6668,967,7080
12796,1f1e,182,6668,966,44440
12837,a20d,183,6668,965,41080
12848,d6a9,168,0358,724,11360
12856,1258,169,0358,713,8000
12868,2f94,170,0358,703,12240
12986,e478,171,0358,693,117480
12991,d2bd,184,6668,963,5560
13055,e94a,185,6668,960,64080
13092,1beb,172,0358,683,36280
13112,098a,173,0358,673,20240
13125,3b1e,174,0358,663,12640
13163,808c,175,0358,654,38520
13168,7d22,176,0358,645,4680
13238,2d28,186,6668,956,69960
13256,8675,177,0358,637,18240
13259,847f,178,0358,629,3040
13350,be83,187,6668,950,90880
13354,3c80,188,6668,942,4000
13357,4485,179,0358,622,3480
13442,868d,180,0358,614,84240
13445,0d03,181,0358,606,3320
13471,00ac,189,6668,935,26080
13479,8d1b,182,0358,599,8080
13481,3f9f,183,0358,592,2200
13491,a79c,184,0358,585,9720
13504,26e0,185,0358,578,12440
13515,f48b,186,0358,573,11680
13527,5aec,187,0358,568,11720
13601,5bfc,188,0358,564,74120
13615,97ef,189,0358,560,14320
13665,9fd8,190,6668,928,49600
13670,67dd,190,0358,556,5040
13681,c9cb,191,0358,552,11440
13708,fc5d,192,6668,549,26480
13721,5c68,193,6668,547,12680
13738,d0e8,194,6668,545,17160
13739,3a57,192,0358,549,1280
13770,78e9,193,0358,546,31400
13772,da56,195,6668,544,1200
13810,f310,196,6668,545,38240
13833,e587,194,0358,544,23240
13907,95f0,195,0358,542,73440
13918,7bb1,197,6668,548,11040
13949,e735,198,6668,551,31640
13957,38a3,199,6668,554,7840
13985,25fe,196,0358,542,28040
13989,3fb4,200,6668,558,4040
13989,705f,197,0358,543,160
14017,5ec5,201,6668,562,27800
14027,1d51,198,0358,545,9760
14032,9532,202,6668,566,4920
14047,6772,199,0358,547,15520
14081,74ef,200,0358,550,34120
14082,7189,201,0358,553,320
14083,23ee,202,0358,556,1520
14103,5ac9,203,0358,559,20120
14109,b22e,204,0358,562,5680
14114,49ce,205,6668,566,4960
14136,1f0c,206,6668,570,22280
14170,2d43,207,6668,576,33360
14190,f8a4,205,0358,566,20680
14257,35e7,206,0358,569,66840
14270,5199,208,6668,582,12480
14274,51f9,207,0358,574,4360
14283,0b10,209,6668,588,9320
14303,4c67,210,6668,594,19880
14400,af9e,211,6668,600,96560
14429,15b3,212,6668,606,28920
14484,cb9a,213,6668,616,55040
14485,c38e,208,0358,579,1200
14505,f102,214,6668,625,20040
14552,dc91,215,6668,634,47320
14554,0012,209,0358,582,1920
14643,e2f0,210,0358,585,89040
14660,b94e,216,6668,643,17120
14666,b4be,217,6668,655,5840
14691,560a,218,6668,669,24280
14719,ce43,219,6668,685,28360
14806,b386,211,0358,587,87280
14808,1d9b,212,0358,588,2160
14817,3d8e,213,0358,593,8400
14849,d531,214,0358,598,32000
14849,646f,215,0358,602,360
14887,c4f8,220,6668,701,37800
14887,57a3,216,0358,607,280
14915,82e3,221,6668,715,27680
14916,b67b,217,0358,615,1000
14925,b920,218,0358,624,8680
14950,6b1d,219,0358,635,25000
14958,b7a6,220,0358,646,8040
14958,2579,221,0358,657,440
14969,f850,222,0358,670,10960
14977,a71a,223,6668,685,8360
14998,73e2,224,6668,701,20440
15001,ee39,223,0358,685,3600
15027,0113,225,6668,717,26000
15037,623e,224,0358,701,9480
15060,ac14,226,6668,734,22840
15211,3301,227,6668,751,151360
15239,e8d5,225,0358,716,27760
15240,55cc,228,6668,767,720
15261,1039,226,0358,729,21640
15270,a3ff,227,0358,742,8680
15276,fce4,229,6668,783,6440
15283,7346,230,6668,800,6760
15291,e414,228,0358,756,7760
15302,f1f5,231,6668,819,11360
15361,7edf,229,0358,770,58960
15371,c22c,232,6668,838,9520
15421,fdc8,230,0358,785,50680
15423,5bd5,233,6668,857,2080
15445,b5eb,234,6668,875,21680
15543,32a5,235,6668,893,98400
15544,e7bc,236,6668,910,440
15580,deee,237,6668,927,36520
15605,46ab,231,0358,801,24720
15624,b4ce,232,0358,814,18880
15678,ca11,238,6668,944,54280
15703,46d4,239,6668,961,24560
15730,b47c,240,6668,978,27040
15843,b202,241,6668,996,113400
15873,1048,233,0358,827,30120
15927,def8,242,6668,1012,53400
15951,d2d7,243,6668,1028,24480
15999,06fb,234,0358,836,47600
16026,4ac2,235,0358,843,27000
16053,f5c0,236,0358,850,27080
16058,c156,237,0358,857,5280
16062,ed9a,238,0358,864,3600
16086,55be,244,6668,1044,24560
16155,ee0c,239,0358,872,68960
16208,e93d,240,0358,879,52360
16252,4157,245,6668,1059,44280
16327,0c90,246,6668,1072,75320
16425,74fc,241,0358,886,97600
16426,1e3e,247,6668,1085,800
16457,462d,242,0358,889,30960
16485,6aa5,248,6668,1096,28240
16535,fcb4,249,6668,1106,50520
16549,08ab,243,0358,893,14000
16552,9ea6,244,0358,896,2280
16582,31ac,245,0358,900,29880
16642,0faf,246,0358,905,59880
16674,c6c1,247,0358,910,32560
16702,b95c,250,6668,1116,27840
16817,6d6d,251,6668,1123,115200
16915,290e,252,6668,1128,97920
17009,b9d1,253,6668,1131,93560
17065,151c,254,6668,1132,56320
17071,8ecc,248,0358,915,5840
17142,fd92,249,0358,914,71200
17143,bb1c,255,6668,1132,1040
17177,6b6d,250,0358,912,34320
17286,8f20,256,6668,1132,108920
17309,00f0,251,0358,910,23080
17407,f607,257,6668,1131,97760
17416,79e3,252,0358,906,8960
17421,f001,258,6668,1128,5040
17432,1608,253,0358,901,10440
17590,af48,259,6668,1129,158560
17604,07ef,254,0358,896,13520
17649,e479,260,6668,1128,45360
17698,b165,261,6668,1127,49480
17711,d016,255,0358,889,12160
17760,d70d,256,0358,881,49880
17780,db0a,262,6668,1129,19040
17810,8012,257,0358,874,30720
17906,07e2,258,0358,866,96200
18032,2554,263,6668,1129,125800
18064,3d8a,259,0358,860,31960
18118,628a,264,6668,1125,53920
18137,66c5,260,0358,853,18440
18232,b56b,261,0358,846,95880
18241,7898,262,0358,840,8120
18294,bd28,265,6668,1120,53160
18295,939c,263,0358,834,1320
18373,6c8b,266,6668,1112,77680
18440,e469,267,6668,1103,67200
18440,6e9b,268,6668,1094,240
18538,2bf2,269,6668,1085,97560
18543,674a,264,0358,827,4840
18581,0b26,265,0358,818,38800
18616,3a04,266,0358,809,34680
18628,9f7f,267,0358,800,11720
18638,a54a,270,6668,1075,9920
18660,4961,268,0358,791,22400
18675,5adb,269,0358,782,15160
18711,14bf,270,0358,773,35960
18733,75ec,271,0358,764,22280
18741,c80b,272,0358,755,7760
18746,c909,273,0358,746,4360
18771,62f9,274,0358,737,25520
18788,95fe,275,6668,728,17080
18840,f63d,275,0358,728,52080
18852,7128,276,6668,721,11560
18883,d605,277,6668,714,31560
18991,d862,276,0358,721,107160
18998,9beb,277,0358,713,7600
19015,d16c,278,0358,705,16360
19066,5a82,279,0358,697,51400
19069,efa3,280,6668,689,3000
19114,3362,281,6668,682,45040
19215,f27e,280,0358,689,100600
19229,e027,281,0358,680,14440
19248,d04c,282,6668,676,19480
19287,c8f7,283,6668,669,38200
19320,a0a4,282,0358,673,32880
19366,0fe3,283,0358,666,46400
19389,c25d,284,6668,664,23280
19447,70bd,284,0358,660,58200
19459,08a7,285,0358,655,11760
19462,0b60,286,6668,650,2600
19553,1f7b,286,0358,650,91440
19555,74c0,287,0358,645,1880
19558,3d02,288,6668,640,3160
19569,1bf0,289,6668,635,11080
19610,ece1,288,0358,640,40480
19615,9844,289,0358,634,4800
19634,d732,290,0358,629,19520
19784,e04c,291,6668,624,149560
19790,e2c1,292,6668,620,6560
19804,af88,293,6668,616,14160
19889,6be4,291,0358,624,84120
19934,ee0a,292,0358,619,45200
19983,93a3,294,6668,613,49160
20014,a767,295,6668,608,31560
20026,bc80,296,6668,603,11080
20073,df32,297,6668,599,47400
20080,f244,298,6668,595,7440
20100,92fa,299,6668,594,19760
20107,2f3f,293,0358,614,7000
20215,cb7e,294,0358,608,107760
20246,fc4c,300,6668,594,31120
20268,a383,301,6668,593,22200
20312,1c37,302,6668,593,44160
20324,66fe,295,0358,601,11520
20326,2bbb,303,6668,594,1920
20342,1946,296,0358,594,16280
20364,6346,297,0358,587,21560
20466,d33e,304,6668,595,101960
20486,b55b,298,0358,580,20000
20501,2148,299,0358,576,15680
20559,2c73,300,0358,572,57680
20627,edc7,301,0358,568,67680
20634,09b5,305,6668,596,7240
20676,74c4,302,0358,565,42320
20694,504f,303,0358,562,18160
20699,0a4f,306,6668,596,4880
20701,c0d7,304,0358,559,1720
20709,ef5f,305,0358,558,7880
20711,023b,307,6668,596,1840
20728,060a,306,0358,558,16800
20739,9c30,307,0358,558,11960
20745,a34d,308,6668,597,5880
20754,d1fe,309,6668,598,8160
20754,53bf,310,6668,601,880
20772,de3c,308,0358,558,17240
20797,9623,311,6668,605,25200
20813,be89,312,6668,609,15680
20829,5c04,313,6668,613,16320
20842,d1e7,309,0358,559,13600
20884,319d,310,0358,561,41560
20919,fc09,314,6668,618,34720
20921,a3da,311,0358,563,2760
20922,e513,315,6668,625,200
20973,3420,312,0358,566,51280
21022,5dcf,313,0358,568,49160
21071,1299,314,0358,570,48800
21099,6187,315,0358,574,28040
21106,9bbd,316,6668,632,7520
21110,e0ab,316,0358,579,3440
21135,01e9,317,6668,637,25000
21148,5677,317,0358,584,13560
21194,3061,318,6668,642,45720
21236,77df,318,0358,589,41560
21243,a967,319,0358,593,7400
21282,f9ec,320,0358,597,38680
21292,7f21,321,0358,601,10440
21367,9720,322,0358,605,74280
21409,e27c,323,6668,609,42080
21467,37b4,324,6668,612,57960
21527,4f88,325,6668,615,60240
21559,f574,323,0358,609,31680
21563,cf9f,326,6668,618,4080
21568,3eb3,324,0358,610,5400
21633,b5b8,327,6668,622,65280
21672,a7de,325,0358,612,39000
21676,ac26,326,0358,613,4160
21677,7ce9,328,6668,626,120
21697,7654,329,6668,629,20880
21748,4c9b,327,0358,616,50120
21782,5b5e,328,0358,618,34360
21808,1089,330,6668,633,26320
21851,87bf,331,6668,637,42640
21892,c4f9,332,6668,641,40800
21911,5b11,333,6668,645,19120
21940,0861,334,6668,650,29640
21963,0553,335,6668,656,22920
21964,906b,336,6668,661,280
21980,15d3,337,6668,668,16360
21986,04c9,338,6668,675,5680
22022,d166,339,6668,682,36360
22066,1888,329,0358,620,43800
22074,fb3a,330,0358,620,8600
22080,009b,331,0358,621,5600
22088,b1a4,332,0358,622,8240
22093,7169,340,6668,689,4680
22096,887a,333,0358,624,3400
22108,2c39,334,0358,626,11440
22114,233e,341,6668,695,6280
22137,4a5d,335,0358,629,22720
22222,7b5d,342,6668,705,85520
22230,02f7,343,6668,714,8160
22241,e9ed,336,0358,632,10920
22338,2305,337,0358,635,96640
22364,5ba6,344,6668,726,26160
22400,5582,345,6668,738,35680
22477,f510,338,0358,637,76880
22481,59a1,346,6668,751,3880
22500,10f9,347,6668,763,19080
22528,35b7,339,0358,638,28120
22529,9837,348,6668,776,1000
22534,49ff,340,0358,638,5600
22586,b4f4,349,6668,791,51360
22626,0fb9,350,6668,805,40680
22668,81d9,341,0358,639,41120
22673,4be0,351,6668,820,5200
22711,d82d,342,0358,641,37720
22765,d4f4,352,6668,835,54080
22765,9597,353,6668,850,840
22769,0930,343,0358,643,3480
22850,9abb,354,6668,865,80880
22893,b3f3,355,6668,879,42840
23024,30a7,344,0358,646,131360
23027,2cd5,345,0358,648,3040
23065,0977,346,0358,651,38360
23114,119f,347,0358,654,48840
23180,4c11,348,0358,656,65640
23199,0599,349,0358,659,18760
23276,090e,356,6668,893,76880
23282,880a,357,6668,900,6760
23300,6911,350,0358,662,17960
23360,67cb,358,6668,907,59760
23379,084d,359,6668,913,18880
23379,970b,351,0358,664,120
23457,14a9,360,6668,920,77920
23493,32fe,352,0358,666,36320
23504,81d3,361,6668,927,10880
23531,5ec3,362,6668,933,26760
23536,7486,353,0358,668,4760
23555,bb5d,354,0358,669,19800
23560,4bb2,363,6668,940,4840
23615,128e,355,0358,670,54760
23696,4622,356,0358,671,81320
23706,aec8,357,0358,671,9680
23759,a0ec,364,6668,947,53080
23792,995c,365,6668,952,32920
23804,2782,366,6668,957,12120
23824,af7f,358,0358,671,19960
23842,f4d9,359,0358,670,18360
23894,7f26,360,0358,669,51640
23907,3d01,361,0358,668,13200
23963,a7ff,367,6668,962,55760
24000,6e62,362,0358,668,37120
24010,66c6,363,0358,667,9600
24039,0146,368,6668,965,29120
24044,d014,364,0358,667,4600
24068,cd25,365,0358,667,24920
24094,c809,369,6668,968,25960
24111,6d60,366,0358,667,17080
24124,9b5e,367,0358,666,12440
24136,846b,370,6668,970,11840
24219,f520,368,0358,666,83120
24248,3efc,371,6668,972,28920
24374,c057,372,6668,972,126680
24406,03b8,373,6668,971,31440
24428,8b65,369,0358,666,22160
24453,f905,374,6668,971,24840
24456,0b8f,375,6668,971,2640
24474,d901,370,0358,664,18160
24486,242f,371,0358,661,11920
24497,11e3,376,6668,972,11680
24504,34f4,377,6668,973,6280
24510,c56f,372,0358,658,6360
24528,3539,378,6668,975,17800
24540,3265,379,6668,977,12160
24541,07ff,380,6668,979,1000
24548,e29b,373,0358,656,7320
24583,fbaf,374,0358,656,35040
24595,3ac6,375,0358,655,12160
24631,6922,381,6668,983,35800
24674,0a0d,382,6668,986,42480
24681,8055,376,0358,655,6920
24692,b2bc,383,6668,989,11080
24728,0bae,377,0358,654,35880
24755,3df7,378,0358,654,27240
24778,022f,384,6668,992,23280
24794,ca65,379,0358,654,16280
24801,1579,385,6668,994,6840
24828,f038,386,6668,996,27040
24847,2455,380,0358,657,19040
24877,8e15,381,0358,659,29720
24881,6c01,382,0358,661,3800
24953,1860,383,0358,663,71760
24995,c701,387,6668,998,42720
24997,06e2,384,0358,664,1920
25070,ceef,388,6668,997,73200
25073,7f79,385,0358,665,3000
25153,e9c6,386,0358,665,79200
25181,714b,387,0358,665,28760
25208,ca9f,389,6668,995,26920
25237,a7c4,390,6668,992,29080
25238,9cb5,388,0358,666,680
25336,a653,389,0358,668,97880
25355,df97,391,6668,989,19240
25452,5bf3,390,0358,670,96440
25514,5344,392,6668,985,62600
25555,ba9b,391,0358,670,40520
25565,1ca6,393,6668,980,10160
25694,89c2,394,6668,974,128960
25788,e82e,392,0358,671,94360
25835,19dd,393,0358,670,46440
25862,86be,394,0358,669,27680
25875,6e1b,395,0358,670,12520
25892,d673,396,0358,671,16840
25902,8e0b,397,6668,673,10560
25937,d059,397,0358,673,35000
25956,ff7c,398,0358,675,18680
25977,5e83,399,6668,677,20600
25981,3778,399,0358,677,4920
25987,f72a,400,6668,679,6000
25993,7caf,400,0358,679,5720
26020,d8d0,401,0358,682,26880
26045,f057,402,0358,686,24760
26153,c111,403,0358,691,108200
26156,54eb,404,6668,695,3400
26218,f85d,405,6668,699,61200
26251,a398,404,0358,695,33360
26269,c378,406,6668,703,18200
26293,657c,405,0358,698,23560
26295,18e7,407,6668,708,2600
26304,3663,406,0358,701,9000
26357,e762,408,6668,713,52760
26358,57b3,409,6668,719,1320
26360,398f,407,0358,705,1080
26364,99b4,410,6668,725,4040
26398,7a5c,411,6668,732,34640
26409,5f0a,412,6668,738,10520
26432,86c9,413,6668,746,23160
26450,5fa0,408,0358,709,18120
26491,5de3,409,0358,713,40920
26509,6e46,414,6668,754,18560
26517,758f,415,6668,761,7040
26520,0373,410,0358,717,3040
26542,8293,411,0358,721,21960
26602,4544,416,6668,768,60160
26637,8b6a,412,0358,725,35280
26704,0f12,417,6668,775,66920
26757,d811,418,6668,780,53400
26797,4555,413,0358,729,39520
26800,e7c3,414,0358,731,2760
26816,92a8,415,0358,734,16440
26884,15a2,416,0358,737,68120
26887,ef61,419,6668,786,3040
26893,9b64,417,0358,739,6000
26907,bc66,420,6668,793,13480
26956,e051,418,0358,741,49480
27004,4c40,421,6668,801,47920
27031,ed54,419,0358,744,27200
27061,cd12,420,0358,749,30080
27070,0478,421,0358,754,9080
27125,a1a9,422,0358,759,54720
27143,0fb8,423,6668,764,17480
27171,e6bd,424,6668,769,28320
27232,f098,423,0358,764,60760
27238,5e01,425,6668,774,6240
27239,5e13,426,6668,778,1120
27270,f5be,427,6668,784,31000
27283,7ecf,424,0358,768,12840
27285,8f9e,425,0358,772,1840
27299,1bd6,426,0358,776,14040
27334,0e4e,428,6668,790,35440
27360,b6ed,429,6668,795,26280
27491,2e9c,427,0358,781,130320
27511,e24b,428,0358,784,20200
27527,9a20,429,0358,787,15640
27556,52d7,430,0358,790,29800
27595,af8b,431,6668,794,38560
27610,636e,431,0358,794,14680
27864,8bb6,432,6668,797,254160
27886,efd4,432,0358,797,22480
27900,e65e,433,0358,796,13320
27922,9da7,434,6668,796,22640
27929,2377,435,6668,797,6520
27957,76f9,436,6668,798,27840
27962,3181,434,0358,796,5840
28027,bdb6,437,6668,800,64160
28043,5f5d,435,0358,796,16760
28088,7264,438,6668,802,44760
28096,a9d6,439,6668,804,7520
28163,3382,440,6668,807,66840
28240,93d3,441,6668,811,77400
28242,881d,442,6668,815,2280
28341,c2a8,436,0358,796,98360
28429,b50e,437,0358,793,88080
28469,67de,438,0358,789,40120
28488,ef7d,443,6668,823,19000
28508,76ec,439,0358,786,20560
28553,6441,444,6668,828,44480
28553,d998,440,0358,783,160
28642,aa5c,445,6668,832,88840
28712,13d5,441,0358,781,70600
28715,dada,442,0358,779,2320
28834,20b4,446,6668,835,119080
28891,03ed,447,6668,835,57080
28917,fcd6,448,6668,835,26480
28948,8f04,443,0358,779,30320
28972,c230,444,0358,777,24200
29033,52fe,445,0358,775,60760
29091,441f,449,6668,835,58000
29208,992c,446,0358,773,117600
29222,85e4,450,6668,833,13560
29226,dda8,451,6668,829,4160
29235,3b52,452,6668,826,8640
29319,df1f,453,6668,823,84760
29417,e9e0,447,0358,769,97200
29513,d7df,448,0358,763,96440
29518,586f,454,6668,820,5200
29533,af1b,449,0358,756,15280
29581,bf1b,450,0358,749,47440
29690,1949,455,6668,816,108680
29706,cfea,456,6668,810,16240
29720,e0dd,451,0358,742,13840
29732,f64c,452,0358,734,12040
29737,90a2,457,6668,804,5760
29766,58c4,453,0358,726,28440
29781,14eb,458,6668,799,15560
29820,ef07,454,0358,719,38600
29933,8b85,455,0358,712,112960
29956,d6ab,459,6668,794,23400
29960,655e,460,6668,788,3200
29962,64d3,456,0358,705,2040
29977,715d,461,6668,782,15440
29992,542a,462,6668,776,14640
30033,3dc6,463,6668,771,41440
30048,16e3,464,6668,768,14400
30050,476b,457,0358,698,2440
30061,f055,465,6668,764,11200
30142,b6dc,466,6668,761,80800
30239,c0f2,458,0358,690,96520
30266,1b5d,459,0358,681,27320
30280,edb1,467,6668,757,14240
30281,e0fe,460,0358,673,920
30289,17ad,468,6668,752,8400
30294,f267,461,0358,665,4080
30331,a9cc,469,6668,748,37400
30351,0800,470,6668,744,19880
30390,4b4c,471,6668,740,39600
30394,f6e2,472,6668,736,3280
30402,f9e3,462,0358,657,8560
30446,66ac,473,6668,732,43840
30455,53c2,463,0358,649,8720
30468,f93f,464,0358,642,13560
30491,2dd9,474,6668,729,22200
30502,479c,465,0358,635,11120
30569,9711,475,6668,726,66920
30575,dda7,476,6668,722,6440
30611,a0ed,466,0358,628,36120
30633,6be8,467,0358,621,21840
30657,abb9,468,0358,614,23960
30658,be1f,469,0358,607,1120
30764,6d60,470,0358,601,105760
30823,85ac,477,6668,718,59120
30917,39d9,478,6668,714,94400
30934,bd05,479,6668,709,16720
30974,6a44,471,0358,594,40280
30999,11af,472,0358,586,25120
31000,e3fd,473,0358,578,160
31017,32f1,474,0358,571,17600
31044,190d,480,6668,704,26640
31059,225c,475,0358,564,14800
31065,8e1b,476,0358,557,5920
31076,e9f2,481,6668,698,11480
31079,8010,482,6668,692,2880
31094,164d,477,0358,550,15480
31117,e585,483,6668,689,22680
31150,89da,478,0358,544,33160
31268,8bb0,479,0358,538,117320
31291,7e6e,484,6668,686,23640
31316,fa17,485,6668,682,24320
31317,7d52,480,0358,532,1640
31322,a38c,486,6668,677,5160
31383,89e5,487,6668,673,61000
31405,b657,488,6668,669,21680
31436,7865,481,0358,526,31120
31458,715d,489,6668,665,21760
31470,704c,482,0358,519,12480
31471,de4f,483,0358,514,440
31483,8190,484,0358,509,11840
31485,9f24,490,6668,661,2240
31527,74ce,491,6668,657,42120
31529,1e7d,492,6668,654,2000
31564,e7c6,493,6668,651,35120
31568,4fac,494,6668,650,3440
31569,1ca4,485,0358,504,1440
31580,3897,486,0358,499,10640
31583,968f,495,6668,649,3160
31593,974e,496,6668,649,10200
31661,fe36,497,6668,651,67640
31662,e331,487,0358,497,1800
31672,eea6,488,0358,495,9440
31711,d3a6,489,0358,493,38800
31713,2758,490,0358,491,2600
31716,f9e1,498,6668,653,2320
31770,97a4,491,0358,489,54040
31812,fe91,499,6668,655,42280
31848,9f6c,492,0358,488,36280
31851,d887,500,6668,658,2520
31871,4b71,493,0358,486,19800
31958,f102,501,6668,662,87920
31961,589a,502,6668,665,2720
31963,bac3,494,0358,486,1800
31964,b1ac,495,0358,486,1000
32018,76a0,496,0358,486,53600
32060,6d7f,497,0358,487,42160
32068,8a25,503,6668,668,8720
32090,4da4,498,0358,490,21800
32112,6a83,499,0358,493,21960
32130,d466,504,6668,670,17880
32188,c885,505,6668,674,58280
32209,3990,500,0358,496,20520
32210,b28e,501,0358,499,920
32231,0e55,506,6668,680,21320
32256,58f3,507,6668,685,24760
32293,8d07,502,0358,503,37040
32295,45ef,508,6668,691,2520
32305,437d,503,0358,506,9960
32337,7562,504,0358,510,31200
32354,cfd9,509,6668,697,16960
32357,54c0,505,0358,514,2920
32368,68f2,506,0358,519,11760
32384,19b1,510,6668,704,15960
32389,c370,511,6668,711,4880
32413,9368,507,0358,524,24200
32417,6395,508,0358,530,3680
32422,d8f1,509,0358,538,4920
32454,e764,512,6668,718,32240
32456,dc9d,513,6668,725,1680
32481,7537,514,6668,732,25080
32521,00bb,510,0358,546,40080
32526,9411,515,6668,739,5400
32585,9497,511,0358,554,58840
32672,4f9c,512,0358,561,86400
32715,9950,513,0358,568,43520
32729,16ba,514,0358,576,13760
32754,35a2,515,0358,584,25240
32833,a700,516,0358,592,78680
32833,88c4,517,0358,600,160
32844,858e,518,0358,609,11400
32913,63dd,519,0358,618,68720
32997,dec9,520,0358,626,84000
33058,c382,521,0358,635,60840
33120,9c10,522,6668,646,62400
33135,7f47,522,0358,646,14400
33151,08fd,523,0358,657,16400
33167,e6d4,524,6668,668,16200
33170,7948,525,6668,679,2680
33188,4853,526,6668,691,17680
33255,6c06,524,0358,668,66880
33312,a15f,527,6668,703,57560
33327,ca2e,525,0358,677,14880
33333,7b89,528,6668,713,5920
33337,e4e6,526,0358,686,3960
33342,0ae5,529,6668,724,4960
33345,abd4,530,6668,737,2720
33378,e386,527,0358,695,32960
33450,ea22,531,6668,751,72920
33454,d211,528,0358,704,3640
33460,892b,532,6668,766,5840
33560,5867,529,0358,713,100200
33590,c49c,530,0358,722,29720
33688,9bc7,531,0358,732,98000
33774,6019,533,6668,781,85720
33775,db5a,534,6668,791,1680
33824,7634,535,6668,801,48240
33889,c398,536,6668,812,65080
33890,ef3f,532,0358,742,1400
33989,8107,533,0358,750,98600
34014,3985,534,0358,756,25280
34106,0dac,535,0358,762,91680
34121,8b58,536,0358,768,15320
34128,2d2e,537,0358,774,6760
34155,2bed,538,0358,781,27240
34167,a701,539,6668,788,12200
34183,20e2,539,0358,788,16120
34253,412f,540,0358,795,69400
34332,5280,541,0358,801,79240
34360,6598,542,0358,807,28320
34427,992d,543,6668,814,66760
34521,e7c0,544,6668,820,94120
34579,e46f,545,6668,826,57960
34591,bb54,546,6668,831,12240
34613,caf0,547,6668,837,21480
34613,cef9,548,6668,843,680
34660,a9df,549,6668,850,46480
34688,bc6d,543,0358,814,28600
34820,adda,550,6668,856,131120
34876,cb71,544,0358,816,56840
34917,ba75,545,0358,817,40320
34937,7641,551,6668,861,19840
35009,03cb,546,0358,817,72360
35011,f46a,547,0358,817,2240
35048,526b,552,6668,865,36640
35126,13d9,548,0358,817,78400
35157,e394,549,0358,816,30880
35167,b0cd,553,6668,868,10200
35183,3616,550,0358,815,15280
35220,8d32,551,0358,815,37240
35278,59ad,554,6668,870,57880
35330,b484,555,6668,870,52560
35393,80df,552,0358,814,62240
35425,32be,556,6668,870,32840
35461,f11c,553,0358,812,35600
35476,8a56,557,6668,869,15280
35547,e1f1,558,6668,868,71160
35570,7d0c,559,6668,866,22520
35590,50c2,560,6668,863,20400
35592,2dc9,561,6668,862,1280
35595,076f,562,6668,861,3560
35632,ba5b,563,6668,862,37240
35736,17b9,554,0358,809,103800
35746,8532,555,0358,803,9760
35829,5504,564,6668,863,83480
35839,58d3,565,6668,861,9760
35905,1462,566,6668,859,65600
35924,ceb7,556,0358,798,19320
35979,5b89,557,0358,791,54880
36030,ed5f,567,6668,857,51120
36078,61db,568,6668,854,47880
36100,d74d,569,6668,850,22320
36136,1e0e,570,6668,847,35680
36160,cd5c,571,6668,845,23640
36163,9486,572,6668,843,3720
36164,289f,558,0358,784,440
36177,6885,573,6668,842,13680
36180,aeb7,559,0358,775,2720
36225,828c,560,0358,766,44400
36250,0a01,561,0358,757,24960
36267,7a7c,562,0358,749,17320
36297,5713,563,0358,742,30440
36305,d83f,564,0358,735,7280
36318,55be,574,6668,841,13000
36321,d389,565,0358,728,3600
36337,d8e6,566,0358,721,15320
36337,cd54,567,0358,715,120
36344,dc84,568,0358,709,7720
36459,57e3,575,6668,840,114200
36462,ef64,569,0358,703,3040
36567,a818,570,0358,697,105520
36603,5bb7,571,0358,690,35680
36623,7501,572,0358,684,20280
36628,eb0b,573,0358,678,5360
36640,73af,574,0358,673,11400
36672,4ac0,576,6668,838,32360
36695,fbd6,575,0358,668,22560
36697,ea8e,576,0358,664,1960
36728,039a,577,0358,660,31000
36732,fa5b,578,0358,656,4280
36738,a32f,579,0358,653,6000
36804,0eab,580,6668,651,66200
36836,ec76,581,6668,648,31600
36875,3689,580,0358,651,39400
36900,7de8,581,0358,648,25120
36966,3db7,582,6668,646,65760
36982,0a68,582,0358,645,16280
37011,51bf,583,6668,645,28520
37055,d564,584,6668,644,43640
37059,32d7,583,0358,644,4200
37060,9a4f,585,6668,643,1480
37082,0f90,584,0358,643,21760
37100,b849,586,6668,643,17680
37167,815e,587,6668,643,67840
37169,517f,588,6668,642,1320
37245,8a31,589,6668,641,76640
37306,b0ba,585,0358,642,60680
37347,97df,586,0358,639,41160
37419,99b1,590,6668,640,72160
37437,61f8,591,6668,638,17600
37453,398a,592,6668,636,15560
37489,d1d5,593,6668,635,36840
37530,1688,587,0358,636,40280
37565,d817,588,0358,632,35000
37592,34e4,589,0358,627,27680
37600,3e2b,590,0358,623,7880
37605,be36,594,6668,637,4920
37613,ce58,595,6668,640,7760
37639,3067,591,0358,619,25840
37668,d200,592,0358,615,28880
37672,a764,596,6668,643,3960
37701,a684,593,0358,612,29440
37714,39c0,597,6668,646,13360
37716,645f,594,0358,611,1280
37717,557b,595,0358,612,1120
37787,05e0,596,0358,614,70320
37795,bd08,597,0358,616,7440
37804,05a3,598,0358,618,9120
37833,bf41,599,6668,621,29440
37880,9cb3,600,6668,624,46400
37886,cea0,599,0358,621,6560
37908,22e8,600,0358,623,22240
37938,2bd7,601,6668,627,30080
37967,1b01,602,6668,630,28560
37980,7c70,603,6668,634,12640
38008,16fb,604,6668,639,28560
38009,73cd,605,6668,647,1200
38033,c1e5,601,0358,625,23600
38050,3f58,606,6668,656,17480
38071,e206,607,6668,667,20080
38073,4975,608,6668,679,2360
38098,f955,609,6668,694,25560
38181,d840,610,6668,709,82320
38219,89d8,602,0358,627,38080
38243,9d51,603,0358,628,23680
38279,9aa3,611,6668,724,36680
38286,273d,604,0358,630,6800
38316,3f45,605,0358,635,29640
38372,680b,612,6668,738,55880
38378,e79b,613,6668,751,6280
38483,577b,614,6668,764,104960
38540,4a19,615,6668,776,57360
38568,b0bd,606,0358,639,27640
38574,f5eb,607,0358,643,6280
38603,bccd,616,6668,787,28640
38692,0eac,608,0358,647,89720
38735,41bb,609,0358,652,42520
38757,0611,617,6668,798,21720
38763,4162,618,6668,806,6160
38803,50f9,619,6668,814,40360
38835,8670,620,6668,824,32200
38836,158c,621,6668,835,200
38856,5b27,622,6668,847,20440
38861,9dee,610,0358,657,4720
38868,92b4,611,0358,661,7120
38891,f845,623,6668,859,23040
38926,bf88,624,6668,871,35040
38957,6578,612,0358,665,31280
38960,3fa3,625,6668,882,2880
38977,c07d,626,6668,894,17240
39058,2d6c,613,0358,668,80520
39082,b9e6,614,0358,670,23920
39134,e625,627,6668,906,52000
39145,9ec2,628,6668,916,11240
39174,1bbc,615,0358,672,29240
39203,20f5,616,0358,673,29000
39227,361c,617,0358,674,23680
39290,a5af,618,0358,675,62760
39345,cc8d,629,6668,926,55080
39412,82ac,630,6668,932,67320
39434,8403,619,0358,675,21400
39466,463a,620,0358,675,32560
39520,8c35,621,0358,676,54000
39571,8296,631,6668,939,50800
39585,39a5,632,6668,944,14520
39603,7997,622,0358,676,17120
39631,9915,623,0358,676,28960
39636,e60c,624,0358,675,4440
39663,4c15,625,0358,675,26680
39714,743a,626,0358,675,51640
39715,e191,627,0358,674,760
39728,e538,633,6668,950,13440
39752,0a12,628,0358,674,23360
39812,0eac,629,0358,673,60360
39856,e431,630,0358,672,43520
39900,bd94,631,0358,672,43840
39905,52ed,632,0358,672,5600
39927,c6aa,633,0358,672,21960
39975,18db,634,0358,673,47640
39982,0edd,635,0358,674,7000
40023,2af5,636,0358,677,41080
40041,dee4,637,0358,680,18200
40078,66c1,638,6668,686,37400
40087,24f6,639,6668,692,9040
40125,6b01,640,6668,698,37160
40126,0d34,641,6668,704,1880
40163,258d,642,6668,710,36400
40201,e4bd,643,6668,716,37920
40250,a5d3,638,0358,686,48840
40250,aa76,639,0358,689,720
40281,e9a1,644,6668,722,30520
40302,b411,645,6668,727,21480
40307,c5af,640,0358,693,4360
40325,7ad4,646,6668,732,17960
40326,5f22,641,0358,696,1440
40335,45fc,642,0358,699,8840
40395,61f4,647,6668,738,60080
40430,505c,643,0358,703,35400
40435,affb,644,0358,706,4400
40460,b49b,648,6668,743,24960
40530,05ca,649,6668,747,69760
40542,1bba,650,6668,751,12000
40560,9f48,645,0358,709,18520
40577,6b3b,646,0358,710,17400
40590,d5cc,647,0358,712,12640
40630,1f28,648,0358,714,39480
40647,f598,649,0358,716,17360
40649,1c1f,650,0358,718,1600
40667,d6e7,651,0358,721,18760
40771,e728,652,6668,725,103840
40782,28a7,653,6668,730,11320
40799,6b62,654,6668,736,16480
40807,ba84,655,6668,742,7760
40928,0521,656,6668,748,121360
40943,fd82,657,6668,757,14920
40974,6963,652,0358,725,30880
40986,75dc,658,6668,765,12040
41041,9a2f,653,0358,728,55480
41098,f351,659,6668,775,56920
41099,eeb0,654,0358,730,920
41199,0699,655,0358,732,99720
41234,ee35,656,0358,733,35200
41261,bf4b,660,6668,784,27320
41267,935c,657,0358,737,5200
41267,b9af,658,0358,740,440
41305,2ee6,659,0358,745,38240
41328,82f0,660,0358,750,22760
41419,ab1e,661,0358,757,90800
41440,f498,662,6668,763,21520
41467,83b2,662,0358,763,26560
41472,c1b2,663,0358,769,5240
41506,cb2c,664,0358,777,33800
41521,b03e,665,6668,785,14600
41576,4a02,665,0358,785,55280
41642,749d,666,0358,793,66040
41657,865b,667,6668,801,15040
41670,09f9,668,6668,809,12520
41756,73bb,667,0358,801,86320
41756,de5f,669,6668,818,640
41764,43f9,670,6668,828,8000
41801,4e55,668,0358,807,36200
41854,4c66,671,6668,839,52880
41863,62ef,672,6668,849,9000
41880,6cce,673,6668,861,17360
41918,ba12,669,0358,814,38320
41941,66cd,670,0358,821,22960
41988,9ca1,671,0358,828,46720
42033,91c0,674,6668,873,45240
42049,8aec,675,6668,882,15840
42062,f04f,676,6668,892,12720
42090,51d5,677,6668,903,28520
42173,03f9,672,0358,836,82280
42219,722a,678,6668,913,46480
42238,ef87,679,6668,921,18800
42256,d13e,673,0358,842,18560
42286,1e0c,674,0358,847,29480
42291,8c7b,675,0358,852,4960
42428,23df,680,6668,930,137480
42446,0da0,681,6668,937,17880
42449,dce1,676,0358,857,2520
42454,be4b,677,0358,860,4880
42461,6d7b,682,6668,944,7440
42468,2234,683,6668,951,6800
42497,3cdd,684,6668,958,29680
42511,1e9f,678,0358,863,13520
42548,d607,679,0358,866,37120
42551,5b51,685,6668,966,2760
42562,f9a8,680,0358,869,11280
42709,ce86,686,6668,973,146520
42709,a311,681,0358,873,360
42728,6350,682,0358,875,18560
42736,9e2c,683,0358,877,8400
42770,da65,684,0358,879,34160
42789,b74b,685,0358,882,18720
42800,dcf0,686,0358,884,10680
42839,3d68,687,0358,887,39320
42852,202a,688,0358,890,12840
42933,3bec,689,0358,896,81760
42989,1b37,690,0358,901,55080
43054,6384,691,0358,906,65520
43063,f1c7,692,0358,910,8920
43099,1211,693,0358,914,35560
43277,16f4,694,0358,919,178920
43298,1621,695,0358,921,20720
43321,c378,696,0358,925,22760
43356,88e6,697,6668,929,35520
43385,b3b5,697,0358,929,28960
43468,10a8,698,0358,932,82880
43590,aad7,699,0358,934,121560
43602,5561,700,0358,934,12160
43676,1e2f,701,0358,934,74080
43729,7694,702,0358,933,52560
44039,e968,703,6668,936,310120
44041,e194,704,6668,936,1920
44111,8118,705,6668,936,70000
44127,ac8b,703,0358,936,16320
44220,f30c,704,0358,934,93160
44235,c368,705,0358,932,15160
44275,3939,706,6668,937,39680
44310,6d55,707,6668,936,35440
44379,4fd4,706,0358,931,68120
44416,d810,708,6668,935,37480
44427,2fe5,709,6668,932,10840
44473,6b33,707,0358,928,45680
44580,379c,708,0358,924,107680
44588,ee15,710,6668,930,7400
44650,79fb,711,6668,926,61920
44665,4cf6,709,0358,919,14960
44707,a2e7,712,6668,922,42760
44769,8b76,710,0358,913,61720
44808,1e41,713,6668,918,39240
44873,f1b7,711,0358,906,64240
44911,a4e5,712,0358,899,38440
44913,d027,714,6668,913,2080
44929,878e,713,0358,892,16080
44931,2b12,714,0358,885,2000
45033,f1f2,715,0358,879,102240
45080,5f6e,716,0358,872,47040
45132,1723,717,0358,866,51640
45133,9c96,718,6668,860,1320
45135,60d9,718,0358,860,1440
45142,8b26,719,0358,855,7520
45154,88bf,720,6668,851,11480
45207,b0fa,720,0358,851,53200
45216,5bd5,721,6668,848,9280
45219,6ef1,721,0358,847,3120
45238,e1a3,722,0358,843,18120
45249,7cee,723,6668,842,11720
45256,0496,723,0358,842,6680
45325,bfa8,724,0358,842,69320
45345,a7ef,725,0358,841,19960
45363,b5d9,726,0358,840,18280
45401,9f76,727,6668,841,37360
45448,e5dd,727,0358,841,47480
45478,9f12,728,6668,841,29880
45491,79a6,728,0358,841,12440
45504,7d24,729,0358,841,13320
45519,9cee,730,6668,841,14960
45534,333b,731,6668,841,14680
45585,fae1,730,0358,841,50920
45629,ad45,732,6668,843,44880
45636,c93b,731,0358,840,6320
45638,927c,733,6668,844,2480
45687,460b,734,6668,845,49200
45699,0554,732,0358,841,11480
45766,b52e,735,6668,846,66720
45810,87f6,736,6668,846,44360
45869,1a42,737,6668,845,58920
45873,fa64,733,0358,841,3880
45902,5233,738,6668,844,29400
45905,68c5,734,0358,839,2640
45920,a396,739,6668,843,15520
45921,3e25,735,0358,837,840
45942,9ffc,736,0358,835,20800
45943,bd06,740,6668,843,1080
45969,bad3,737,0358,833,25520
45983,90c0,738,0358,831,14920
46026,ee12,741,6668,843,42720
46046,3c4e,739,0358,829,19480
46072,2a73,742,6668,843,26480
46090,2278,743,6668,842,17880
46159,9130,740,0358,827,68800
46193,aece,741,0358,824,34200
46224,e750,742,0358,822,30920
46224,3b0e,743,0358,819,40
46340,966b,744,6668,842,115600
46363,26e2,745,6668,841,23840
46365,3054,744,0358,817,2040
46392,3bb2,746,6668,840,26360
46410,81e9,747,6668,839,18440
46425,61e3,748,6668,838,15040
46461,47f8,745,0358,815,35920
46510,b54d,749,6668,838,48400
46543,8955,750,6668,839,33160
46545,b040,746,0358,812,1920
46572,255a,747,0358,809,26920
46591,5ade,751,6668,839,19320
46608,73c9,748,0358,806,17400
46655,54e1,752,6668,840,46200
46660,c21d,749,0358,804,5840
46740,5ce6,750,0358,803,79800
46861,6722,753,6668,841,120880
46941,765a,751,0358,801,80400
46974,52c9,754,6668,844,32320
47144,3647,755,6668,847,169920
47188,e11f,752,0358,797,44720
47252,ea6d,753,0358,791,63840
47253,c30f,754,0358,789,920
47260,85ad,755,0358,788,7200
47340,0aa2,756,0358,787,79840
47352,591c,757,0358,787,11560
47361,add4,758,6668,788,8720
47382,84bf,759,6668,791,21960
47435,a286,760,6668,794,52040
47448,7bfa,758,0358,788,13880
47469,1630,759,0358,789,20120
47539,8b8b,760,0358,791,70120
47556,6f9b,761,0358,794,17000
47564,b6a6,762,0358,798,8240
47628,fc65,763,0358,802,64400
47659,6847,764,6668,806,30400
47761,8d6c,765,6668,809,101840
47768,8d44,764,0358,806,7280
47796,fd11,765,0358,808,28440
47810,c5ca,766,6668,812,13400
47837,fb36,767,6668,815,27520
47849,e55d,766,0358,811,11560
47872,72b7,768,6668,819,23400
47875,e7a8,767,0358,814,3160
47998,8294,768,0358,817,122360
48023,e3ff,769,0358,818,25760
48037,fee4,770,0358,819,13560
48047,29f2,771,6668,821,9920
48080,fafb,772,6668,823,33360
48084,c556,773,6668,825,4240
48119,e595,771,0358,821,34840
48202,77b9,772,0358,822,82440
48210,afcb,774,6668,827,7840
48221,f46d,775,6668,828,11200
48303,81f2,776,6668,829,82480
48325,a193,773,0358,822,21320
48344,964f,777,6668,829,19840
48392,2af8,778,6668,830,47480
48502,a85b,779,6668,831,109760
48559,4e6a,780,6668,831,57160
48607,fbb7,781,6668,831,47800
48631,2ac9,774,0358,821,24520
48656,0c6a,782,6668,831,24760
48678,a769,775,0358,817,21880
48682,157a,783,6668,831,4280
48684,a7fc,784,6668,833,2080
48686,38ec,776,0358,812,2160
48692,23c5,777,0358,807,5640
48702,3c82,785,6668,836,10280
48718,4848,786,6668,839,16160
48840,0078,787,6668,842,121840
48874,ddf1,788,6668,843,34120
48926,ab83,789,6668,844,51200
48985,c6e5,790,6668,845,59040
49037,79e4,778,0358,803,52400
49099,78e5,779,0358,796,61800
49117,5e34,780,0358,788,18040
49128,bdd7,781,0358,781,10800
49146,37de,782,0358,775,18680
49208,8c24,791,6668,847,61880
49225,e0a4,783,0358,769,16840
49282,1847,784,0358,764,56880
49326,78e0,792,6668,846,43960
49489,1ac3,785,0358,759,163320
49498,decf,786,0358,752,9200
49512,0d91,793,6668,844,13720
49527,ffb5,787,0358,745,14800
49531,ce0f,794,6668,840,4240
49581,2db7,795,6668,837,49680
49595,5a86,796,6668,835,14440
49602,077b,797,6668,834,6680
49606,e392,788,0358,738,4440
49642,1778,789,0358,731,35520
49697,9639,790,0358,724,54880
49702,2ad6,798,6668,833,5600
49709,a9de,791,0358,718,7040
49735,64e5,799,6668,831,25600
49745,d2f8,800,6668,829,10080
49838,9667,801,6668,828,93160
49914,2506,802,6668,829,75800
49919,20fa,792,0358,712,5360
49925,a42c,803,6668,832,5280
49925,fa8b,804,6668,836,200
49926,89aa,793,0358,704,880
49928,d003,794,0358,696,2000
49951,e58b,805,6668,840,23320
49984,9427,795,0358,690,32680
50033,c015,796,0358,684,49320
50038,5e07,797,0358,678,4600
50045,4b21,798,0358,673,7000
50205,bf19,799,0358,668,160480
50282,e882,800,0358,662,76960
50283,94c7,801,0358,656,480
50298,65a3,802,0358,652,15240
50330,fd1a,806,6668,844,32360
50342,8b41,807,6668,844,12160
50355,098a,803,0358,650,12280
50495,1da8,804,0358,648,140480
50515,6604,808,6668,844,19800
50567,cb6f,809,6668,843,52400
50598,14cb,805,0358,645,30680
50617,442a,810,6668,841,18560
50619,e227,806,0358,641,2000
50620,66e0,807,0358,638,1120
50694,e3d0,808,0358,635,74440
50708,152c,811,6668,839,13680
50728,ae73,812,6668,836,19800
50793,48f8,813,6668,833,64960
50794,2a3d,814,6668,830,1320
50804,8938,815,6668,829,9760
50861,1b3c,816,6668,828,57120
50891,295b,809,0358,632,30000
50986,77a1,817,6668,827,95560
51115,d70c,810,0358,627,128440
51119,63fa,818,6668,825,3760
51119,5495,811,0358,621,160
51152,681e,819,6668,823,33520
51163,a1ff,820,6668,821,11000
51177,d4f3,821,6668,819,13840
51191,f383,822,6668,817,14360
51199,8e43,823,6668,815,7240
51203,45cd,824,6668,813,4520
51217,bd88,825,6668,813,13600
51225,d5bc,826,6668,813,8600
51331,0cf1,827,6668,814,105280
51350,deb5,828,6668,814,19640
51389,021f,829,6668,814,38760
51442,350b,812,0358,615,52680
51545,55b4,830,6668,815,103040
51598,1d94,813,0358,607,53520
51622,dfec,831,6668,815,23520
51657,36f6,832,6668,814,34680
51678,1652,814,0358,598,21960
51716,da5d,815,0358,590,37320
51732,51cb,816,0358,582,16640
51734,9927,833,6668,813,1920
51736,8f11,817,0358,574,1560
51766,ac2e,818,0358,566,30160
51780,ba1b,834,6668,812,13560
51806,5294,835,6668,810,26080
51840,b46e,819,0358,559,33920
51872,e431,836,6668,808,32440
51901,31be,820,0358,552,28640
51940,aaf1,837,6668,805,39520
51967,189f,821,0358,545,27080
51972,a882,838,6668,803,4200
51975,e9f7,822,0358,538,3120
51996,29ea,823,0358,531,21480
51997,46ba,824,0358,525,920
52018,c773,825,0358,521,20760
52065,c0a6,826,0358,518,47520
52066,b1df,827,0358,514,1120
52105,1aa5,839,6668,801,38440
52112,6cfa,840,6668,798,6760
52119,7501,841,6668,796,7480
52128,d4cf,842,6668,797,8640
52132,9ef8,828,0358,510,4720
52163,e6a6,843,6668,799,30120
52164,ea84,829,0358,509,1320
52216,7bba,830,0358,508,51600
52237,4f4d,831,0358,507,21280
52238,aa50,832,0358,506,1120
52242,e69d,844,6668,803,4360
52262,8cbf,833,0358,505,19640
52277,dd65,834,0358,504,15120
52342,f256,835,0358,504,65320
52348,793e,836,0358,505,5600
52352,7327,837,0358,506,4360
52356,e9b7,838,0358,507,3360
52406,4753,839,0358,509,50600
52431,dd28,845,6668,807,24520
52431,e4b8,846,6668,809,120
52448,0a92,840,0358,511,17040
52493,808f,841,0358,513,45120
52554,ce3a,842,0358,514,60680
52585,ac65,843,0358,517,30840
52604,ea07,847,6668,811,19320
52605,8c90,844,0358,520,1360
52620,fd11,848,6668,810,15200
52643,c5f7,849,6668,811,22560
52692,3193,845,0358,522,48760
52696,f2b8,846,0358,524,4320
52698,553b,847,0358,527,1720
52713,86da,848,0358,530,14920
52746,1a63,850,6668,812,33560
52748,50db,849,0358,533,1280
52769,23c1,851,6668,811,21800
52785,6d2b,852,6668,811,15480
52796,6733,850,0358,537,11440
52806,e2f6,853,6668,812,9560
52819,1956,851,0358,541,12760
52827,b7b4,854,6668,813,8480
52856,8c97,852,0358,545,28800
52872,0762,853,0358,549,16200
52883,11f7,855,6668,814,11280
52897,1569,856,6668,814,13160
52916,6f39,854,0358,553,19800
52933,8152,857,6668,820,16440
52987,9324,855,0358,558,54680
52998,bb34,858,6668,826,11000
53002,b7b9,856,0358,564,3640
53037,e73c,859,6668,833,35240
53042,bb0c,860,6668,841,4800
53045,2115,857,0358,570,2480
53108,9701,861,6668,849,63360
53146,dbbc,858,0358,576,37840
53156,fc6d,862,6668,858,9920
53165,44d1,859,0358,581,9120
53179,2e68,863,6668,867,14040
53196,b8b8,860,0358,589,16960
53211,9e86,864,6668,876,14960
53279,7eb8,861,0358,599,68280
53303,c683,862,0358,608,23960
53314,094b,863,0358,622,11000
53324,5dd6,865,6668,885,10120
53338,d57f,866,6668,892,13760
53343,fecf,867,6668,900,4640
53387,1d2b,864,0358,639,44600
53419,6cd1,868,6668,910,32080
53448,362d,869,6668,922,28800
53455,cf8b,865,0358,657,7000
53490,aeaf,866,0358,675,35280
53521,21d1,867,0358,693,31040
53544,f236,868,0358,711,22760
53600,8235,869,0358,729,55520
53629,3e3c,870,0358,748,29040
53677,beed,871,6668,768,48680
53677,cd95,871,0358,768,80
53732,3eb5,872,6668,789,54320
53791,79ed,872,0358,789,59640
53792,bc5d,873,0358,809,320
53804,9a75,874,0358,830,12600
53872,18fc,875,0358,851,67920
53885,d13b,876,0358,871,12720
53917,15ad,877,6668,893,32000
53924,b6af,878,6668,914,7360
54034,6d64,879,6668,937,109520
54171,a8ed,880,6668,959,136640
54179,576f,877,0358,893,8920
54200,fadf,881,6668,979,20720
54210,972d,882,6668,999,10120
54238,d961,878,0358,908,28200
54260,a542,879,0358,924,21320
54284,5fec,880,0358,940,23880
54300,4514,883,6668,1020,16480
54302,f225,881,0358,957,2160
54346,6986,882,0358,975,43400
54347,71b2,884,6668,1039,1480
54425,24e1,885,6668,1058,78240
54429,b101,883,0358,992,3200
54443,f9c6,886,6668,1077,14720
54443,aa92,887,6668,1096,80
54469,9ce7,884,0358,1008,25960
54478,ab0d,888,6668,1115,8880
54529,675a,889,6668,1134,50720
54550,f10e,890,6668,1153,21080
54613,a62a,891,6668,1173,62440
54617,18e9,892,6668,1193,4600
54622,3bce,893,6668,1215,4480
54631,1da6,894,6668,1238,9040
54634,979b,885,0358,1023,3040
54648,9324,895,6668,1262,14400
54662,8faf,886,0358,1036,13800
54709,2638,887,0358,1049,46960
54735,903e,896,6668,1289,26120
54760,3e4a,888,0358,1061,25280
54838,91ce,889,0358,1072,77520
54849,b573,890,0358,1083,11240
54946,b3f8,891,0358,1095,97000
55019,3e86,897,6668,1314,72600
55022,a1d9,892,0358,1106,3480
55043,b0a7,893,0358,1116,21200
55121,c98d,898,6668,1330,77760
55133,a86d,894,0358,1127,11960
55149,fee8,895,0358,1136,16320
55153,4f1d,899,6668,1344,4080
55161,2ef2,896,0358,1147,7200
55164,025a,897,0358,1158,3160
55327,51e4,898,0358,1169,163600
55620,341f,900,6668,1358,293000
55703,7b53,901,6668,1362,82400
55705,7367,899,0358,1177,2520
55722,01fd,902,6668,1364,16840
55776,fe3c,903,6668,1367,53760
55781,9170,904,6668,1369,5600
55782,e1e5,900,0358,1177,600
55812,fd56,901,0358,1177,29960
55817,912f,902,0358,1177,4800
55833,5f2f,903,0358,1177,16480
55863,e705,905,6668,1372,29440
55867,ca9f,906,6668,1374,4560
55883,600a,904,0358,1177,15280
55891,f23b,907,6668,1377,8440
55930,c894,905,0358,1177,38720
55942,5a00,906,0358,1178,12400
55954,4133,908,6668,1380,12000
56071,8d6f,909,6668,1384,117240
56123,9180,910,6668,1386,51640
56164,c43b,907,0358,1179,40600
56174,2563,911,6668,1387,9960
56185,fece,908,0358,1176,11440
56218,4345,909,0358,1175,33120
56219,826a,910,0358,1173,960
56246,c00c,912,6668,1389,26880
56288,efc8,913,6668,1390,41600
56388,f044,911,0358,1172,100480
56404,5dd2,914,6668,1390,15640
56438,7115,915,6668,1389,34360
56462,997e,912,0358,1169,23440
56492,cf92,913,0358,1165,30320
56493,d211,914,0358,1161,1440
56512,6456,916,6668,1389,18520
56533,8762,915,0358,1158,20720
56685,79c8,916,0358,1156,152840
56713,c20d,917,6668,1388,27400
56716,81dc,917,0358,1152,3320
56864,c8df,918,0358,1148,147960
56867,5195,919,6668,1142,3120
56870,3027,920,6668,1137,2960
56901,2001,921,6668,1132,30520
56927,2b0d,919,0358,1142,26680
56935,7f94,922,6668,1127,8160
57086,c765,920,0358,1136,150320
57102,8fff,923,6668,1124,15960
57278,3526,921,0358,1127,176720
57394,3871,922,0358,1116,116000
57408,f167,924,6668,1118,13160
57411,4bb2,925,6668,1107,3120
57469,9a15,923,0358,1105,57880
57548,4d5b,926,6668,1097,78960
57577,dd65,924,0358,1093,29400
57683,7ac4,927,6668,1086,105600
57736,e546,928,6668,1077,52960
57763,2757,929,6668,1068,27560
57765,8695,925,0358,1080,2080
57791,ab1c,930,6668,1059,25400
57828,17eb,926,0358,1066,37160
57865,f06d,927,0358,1051,37400
57983,7260,931,6668,1050,117760
58008,d77e,928,0358,1040,25400
58280,ede2,932,6668,1039,271480
58301,4191,929,0358,1028,21400
58343,947c,930,0358,1012,41680
58347,b7e3,933,6668,1025,3640
58424,c782,934,6668,1011,77800
58431,f33b,935,6668,997,6800
58437,551d,936,6668,985,6240
58445,353b,931,0358,996,7880
58480,e838,937,6668,973,35080
58532,0496,932,0358,980,51480
58543,b1a7,933,0358,963,11000
58609,4aee,938,6668,961,66080
58621,fc35,934,0358,947,12520
58642,6807,935,0358,931,21040
58647,cf45,939,6668,949,4240
58699,3b1b,940,6668,937,51920
58911,eef7,936,0358,917,212120
58938,70b7,937,0358,901,27000
58983,fd16,941,6668,925,45720
58984,2162,938,0358,885,360
59015,0d92,942,6668,911,31360
59047,3e2e,943,6668,898,31720
59072,300f,944,6668,885,24960
59138,275f,939,0358,869,66040
59148,aeb7,940,0358,853,10360
59206,ede1,941,0358,837,57680
59209,539b,942,0358,822,3160
59228,e623,943,0358,808,19080
59282,2816,944,0358,794,53600
59295,c9ca,945,0358,781,13440
59305,8e2b,946,6668,768,9320
59339,ea23,947,6668,755,34600
59349,e8fc,946,0358,768,9520
59392,6bbc,947,0358,755,43080
59510,09ec,948,0358,742,118640
59516,3658,949,0358,729,6000
59583,fa7f,950,0358,720,66440
59588,e677,951,0358,711,4960
59590,6142,952,6668,702,2240
59603,b97a,953,6668,693,13120
59622,5bd9,954,6668,685,18560
59629,3e22,955,6668,677,7600
59636,8774,952,0358,702,6360
59674,4b76,953,0358,693,37920
59703,312c,954,0358,684,29360
59715,25a5,955,0358,675,12480
59721,1691,956,6668,669,6080
59750,65ea,956,0358,667,28120
59780,0ea1,957,6668,661,30840
59799,e211,958,6668,654,18480
59829,d504,959,6668,647,30040
59906,8c50,960,6668,641,77160
59923,c826,957,0358,659,17360
59938,4884,961,6668,634,14240
59947,5013,962,6668,628,9320
60072,debf,958,0358,651,124560
60106,fe75,959,0358,642,34120
60127,43bf,963,6668,623,21200
60133,62a9,964,6668,617,6520
60193,770c,965,6668,611,59080
60203,71e5,960,0358,633,10000
60218,2e94,966,6668,604,15880
60225,6bd2,967,6668,599,6120
60228,3356,968,6668,594,3400
60228,093b,969,6668,590,160
60235,0e65,961,0358,624,6880
60269,babb,970,6668,587,34000
60312,bd3e,962,0358,616,43360
60336,7db6,963,0358,608,23400
60342,137e,971,6668,585,6760
60359,3b4f,972,6668,584,16400
60390,4fde,973,6668,584,31280
60445,16a8,974,6668,584,54640
60470,89e5,975,6668,585,24800
60483,f9c5,976,6668,588,13840
60503,d5ac,977,6668,591,19840
60516,e84d,964,0358,600,12720
60524,ec4b,978,6668,594,8440
60534,4284,979,6668,599,9120
60549,82de,980,6668,607,15840
60580,c25a,965,0358,591,30120
60594,1f44,966,0358,582,14240
60597,79d6,981,6668,616,3560
60614,77df,982,6668,626,16720
60617,b3fd,967,0358,574,3160
60638,0569,968,0358,566,20880
60671,757d,983,6668,637,33200
60693,65a4,984,6668,648,21400
60700,2679,985,6668,660,7320
60751,d9b1,969,0358,559,51120
60834,9557,986,6668,672,83080
60860,4abd,987,6668,687,26000
60870,c9b9,970,0358,552,9400
60888,43e2,988,6668,702,18280
60898,28bc,971,0358,545,10160
60933,7ab4,989,6668,718,35360
60958,bddb,972,0358,539,24480
60959,406f,990,6668,736,1120
61008,1b4a,973,0358,534,49200
61015,7426,991,6668,754,6400
61027,e3f2,974,0358,529,12120
61064,34b8,975,0358,525,37400
61086,beff,992,6668,773,21400
61095,d3c0,993,6668,791,9640
61102,e8f5,976,0358,522,6640
61102,b816,977,0358,519,680
61197,d9fd,978,0358,517,94240
61206,4305,979,0358,515,9080
61223,069b,980,0358,515,17320
61260,5a7a,994,6668,809,36880
61269,bd85,981,0358,516,9040
61278,b150,982,0358,517,8480
61302,00bc,983,0358,519,24040
61306,c0c9,984,0358,521,4520
61417,63cf,985,0358,523,110960
61449,33c0,986,0358,525,31720
61489,c671,995,6668,826,40480
61510,7bc6,996,6668,839,20560
61524,227e,997,6668,852,13760
61531,3dbe,987,0358,529,7880
61575,4183,998,6668,866,43960
61588,83ec,988,0358,532,12520
61599,66a1,999,6668,882,10920
61627,b13e,989,0358,535,28200
61634,d9be,1000,6668,898,7120
61665,e34d,1001,6668,915,30880
61676,33ef,990,0358,540,10720
61706,d59b,991,0358,544,29920
61784,bcdb,992,0358,548,77920
61784,22cb,993,0358,552,80
61823,ceda,994,0358,556,39320
61825,bad0,995,0358,560,1600
61829,c364,996,0358,564,3960
61838,58e1,1002,6668,931,9440
61844,99b2,1003,6668,944,5760
61848,0591,997,0358,569,3800
61849,d4db,1004,6668,957,1480
61866,b94c,998,0358,574,16720
61893,18df,1005,6668,971,27360
61942,90d9,999,0358,580,49120
61955,9a59,1006,6668,984,12800
62064,e7d0,1000,0358,586,108680
62123,2151,1001,0358,591,59520
62128,1d01,1002,0358,595,5040
62135,5210,1007,6668,998,6880
62139,de8f,1008,6668,1010,4240
62158,3d25,1009,6668,1022,18720
62192,f24f,1010,6668,1035,33800
62204,daff,1003,0358,600,12040
62228,cf31,1011,6668,1049,24320
62265,374f,1012,6668,1063,36520
62282,a038,1013,6668,1076,17360
62301,cd4d,1004,0358,605,19200
62323,1b35,1005,0358,609,21960
62342,4db7,1014,6668,1093,18840
62342,6f1c,1006,0358,613,280
62385,b74c,1007,0358,617,42360
62388,0ef2,1008,0358,623,2920
62389,4b0a,1009,0358,631,1440
62394,a6ec,1010,0358,639,5280
62404,693c,1011,0358,649,9120
62460,1d3c,1012,0358,659,56760
62505,8893,1015,6668,1109,44440
62580,09ee,1013,0358,670,75680
62597,0275,1014,0358,679,16800
62601,aa26,1016,6668,1123,3640
62602,3189,1015,0358,691,1360
62618,643b,1017,6668,1136,16160
62643,34da,1016,0358,704,24560
62646,3d11,1017,0358,717,2600
62667,6d06,1018,6668,1148,21160
62671,bbf9,1019,6668,1159,3800
62742,0768,1018,0358,731,71800
62858,30fa,1019,0358,744,115320
62928,e692,1020,6668,1170,70440
62957,fded,1020,0358,757,28640
63016,b214,1021,6668,1177,59320
63054,20f7,1021,0358,770,37880
63058,3141,1022,0358,782,3640
63082,dffb,1023,6668,796,24800
63091,d4d9,1024,6668,810,8240
63115,b90a,1023,0358,796,24280
63145,5ab9,1025,6668,825,29880
63183,5e48,1026,6668,840,38280
63228,13a8,1027,6668,855,45000
63254,70c0,1028,6668,869,26240
63297,b326,1024,0358,810,42680
63309,b6d9,1025,0358,821,12360
63310,7596,1029,6668,885,680
63329,6d6e,1030,6668,900,19080
63386,692d,1026,0358,832,57200
63446,b187,1027,0358,843,60080
63447,aa53,1028,0358,853,680
63479,5d78,1029,0358,865,31920
63541,3f85,1030,0358,877,62480
63580,0792,1031,0358,888,39000
63594,52bf,1032,6668,899,13760
63631,84a0,1033,6668,910,37080
63644,1e2e,1032,0358,899,12600
63655,3f95,1033,0358,909,10720
63772,cca2,1034,0358,920,117840
63822,ef24,1035,0358,929,50040
63875,f0e5,1036,0358,939,52520
63957,0b31,1037,6668,949,81680
63987,e115,1037,0358,949,30600
64015,5deb,1038,6668,959,27880
64061,b334,1038,0358,958,45600
64103,27de,1039,0358,967,42200
64149,119d,1040,6668,976,45960
64173,71bd,1041,6668,985,23680
64175,44c2,1040,0358,976,2680
64200,f2d6,1042,6668,994,24920
64225,2bc9,1041,0358,984,25040
64230,bb67,1042,0358,992,4720
64259,0e98,1043,6668,1004,28880
64324,f869,1044,6668,1013,65320
64343,0da1,1043,0358,1002,18560
64369,5f2a,1044,0358,1009,26120
64464,d348,1045,0358,1017,95360
64543,611f,1046,6668,1023,78480
64567,75a3,1047,6668,1028,24200
64583,c766,1046,0358,1023,16440
64592,3437,1047,0358,1027,8960
64612,9ca8,1048,6668,1033,19840
64692,64b4,1048,0358,1031,80160
64728,ad30,1049,0358,1034,35280
64754,4aee,1050,0358,1037,26280
64765,c13d,1051,6668,1042,11200
64889,73d8,1051,0358,1042,123480
64897,620f,1052,0358,1046,8400
64908,9824,1053,6668,1050,11480
65012,642d,1054,6668,1055,103280
65015,9ef9,1053,0358,1050,2920
65110,d810,1055,6668,1060,95480
65147,f4f9,1054,0358,1053,36520
65167,abf1,1055,0358,1055,20640
65188,756e,1056,6668,1063,20280
65209,2b56,1057,6668,1065,21920
65229,6e73,1056,0358,1057,19560
65264,fe0e,1058,6668,1068,34520
65361,02cb,1057,0358,1059,97560
65394,e3b2,1059,6668,1070,33120
65399,6fa4,1060,6668,1069,4880
65456,3b04,1058,0358,1059,56480
65515,a1ef,1059,0358,1057,59280
65527,a28c,1061,6668,1068,12400
65551,8b73,1060,0358,1054,23320
65687,6484,1061,0358,1051,136240
65702,44dd,1062,6668,1065,15120
65713,6707,1063,6668,1060,11040
65759,e33b,1064,6668,1057,46360
65769,6531,1062,0358,1046,9240
65824,3472,1065,6668,1054,55520
65926,b30e,1063,0358,1040,101640
66023,c641,1066,6668,1050,97560
66082,62fd,1064,0358,1034,58440
66101,c4bf,1065,0358,1026,19080
66159,9be0,1067,6668,1043,58440
66246,11d1,1068,6668,1034,86320
66252,8a91,1066,0358,1018,6080
66261,8e02,1067,0358,1008,9160
66272,ad14,1069,6668,1026,10920
66294,c4ad,1068,0358,998,22560
66417,104e,1070,6668,1019,122960
66514,3f90,1069,0358,989,97160
66519,db73,1070,0358,979,4880
66552,7daa,1071,0358,970,33120
66579,89c7,1072,6668,962,26840
66589,e5a0,1072,0358,962,10160
66592,4d7c,1073,6668,954,3080
66639,5c42,1074,6668,946,46520
66694,c44c,1073,0358,954,54880
66746,0751,1075,6668,940,52320
66749,9fc7,1076,6668,933,2560
66782,909b,1074,0358,945,32920
66788,33c4,1075,0358,937,6680
66801,6707,1076,0358,930,12760
66824,4e6c,1077,6668,927,22600
66936,88a0,1077,0358,923,112480
66936,1d26,1078,6668,921,80
66995,76a5,1078,0358,916,59200
67000,5486,1079,6668,914,4240
67023,941b,1080,6668,906,23120
67050,828f,1079,0358,908,27480
67165,ce64,1080,0358,900,114840
67249,bb5f,1081,0358,891,83920
67278,5cd7,1082,0358,882,28640
67296,40f3,1083,0358,873,18360
67318,9b64,1084,0358,864,21960
67376,d5fd,1085,6668,856,57640
67378,a4d4,1085,0358,856,2360
67474,f647,1086,0358,848,95600
67486,cfb7,1087,6668,840,12400
67537,b98f,1087,0358,840,50800
67573,d950,1088,0358,832,36120
67674,4e2c,1089,6668,825,100840
67693,ada6,1090,6668,817,19600
67702,5a62,1089,0358,825,8800
67718,86d3,1090,0358,817,16120
67721,4c3d,1091,6668,810,2800
67789,f80c,1092,6668,803,67600
67815,7015,1093,6668,796,25960
67939,4783,1091,0358,810,124520
67952,68a5,1094,6668,790,12320
68018,4749,1092,0358,801,66200
68030,644b,1095,6668,783,12520
68036,a3ea,1093,0358,791,5880
68191,362c,1096,6668,776,154600
68215,662c,1094,0358,782,24600
68227,1a08,1095,0358,772,11280
68247,810b,1096,0358,763,20480
68317,a5c1,1097,0358,755,69560
68319,9d4d,1098,6668,746,2800
68323,2cf3,1098,0358,746,3120
68356,2182,1099,6668,738,33560
68367,aa0d,1100,6668,731,10680
68368,4e9d,1099,0358,738,1160
68376,a9d7,1101,6668,724,7800
68391,cf32,1100,0358,730,15680
68419,0a90,1101,0358,722,27240
68466,65a9,1102,0358,716,47400
68483,43b5,1103,6668,709,17280
68522,8ce5,1103,0358,709,38760
68604,d83c,1104,6668,703,82040
68620,d288,1105,6668,698,16040
68678,9c0a,1104,0358,703,57560
68685,7efc,1106,6668,693,6920
68698,654d,1107,6668,688,12920
68699,c50c,1108,6668,684,1600
68723,9c3b,1109,6668,681,24080
68769,3ccf,1110,6668,678,45720
68790,2baf,1111,6668,675,21120
68822,0927,1105,0358,697,32160
68869,073d,1106,0358,690,46760
68983,acbe,1112,6668,673,114120
69025,ecd1,1113,6668,670,42160
69097,4087,1107,0358,683,72080
69099,773d,1114,6668,668,1520
69107,14e1,1108,0358,675,7720
69117,b05d,1115,6668,667,10760
69231,d57c,1109,0358,668,113920
69356,4be5,1110,0358,660,124840
69415,1369,1111,0358,652,58800
69482,6dc4,1112,0358,644,67400
69484,c1c0,1113,0358,637,1760
69545,ad6c,1116,6668,666,60760
69595,03f7,1117,6668,662,50080
69621,59b0,1118,6668,658,25720
69633,6b87,1119,6668,654,12680
69644,805e,1114,0358,631,10480
69651,3e4a,1115,0358,625,7280
69665,13aa,1116,0358,619,13640
69675,c40f,1120,6668,652,10280
69679,b8a0,1121,6668,650,4040
69682,3c52,1117,0358,615,3160
69711,756f,1122,6668,648,28720
69716,c34e,1123,6668,646,5000
69771,fe08,1124,6668,645,55160
69807,1bce,1118,0358,610,36000
69857,2483,1119,0358,605,50320
69873,cb38,1125,6668,645,15640
69877,bdc8,1120,0358,601,3680
69960,6643,1126,6668,644,83080
69987,5e9f,1121,0358,597,27360
70114,cca1,1122,0358,592,126640
70135,6707,1127,6668,642,20840
70205,6f91,1128,6668,639,70720
70261,6038,1123,0358,587,56040
70324,0777,1124,0358,581,62640
70325,db13,1129,6668,636,1120
70326,d834,1130,6668,633,1040
70329,3515,1131,6668,631,2680
70330,e0a0,1125,0358,576,880
70378,7df3,1132,6668,630,48680
70397,c558,1126,0358,571,18440
70403,8022,1133,6668,628,6080
70495,2c7a,1134,6668,626,92120
70496,77fd,1127,0358,565,1320
70501,d053,1128,0358,560,4920
70502,e5e3,1129,0358,555,360
70509,b0fc,1135,6668,624,6960
70534,88c4,1136,6668,622,25120
70557,d8e9,1130,0358,551,22800
70558,ce01,1131,0358,547,1520
70598,3a35,1132,0358,544,39400
70623,47cd,1137,6668,621,25000
70627,e459,1138,6668,620,4120
70653,c728,1139,6668,619,26080
70667,c194,1140,6668,619,14040
70673,0a7b,1133,0358,541,5880
70681,cf3b,1141,6668,619,8760
70739,e5e9,1142,6668,621,57720
70749,4bef,1134,0358,537,10040
70759,c7a5,1135,0358,533,9840
70769,75ee,1136,0358,529,9720
70776,80e8,1143,6668,624,7320
70818,acd2,1144,6668,626,42040
70833,666d,1137,0358,526,15240
70874,6616,1145,6668,630,40200
70875,d50c,1138,0358,523,1640
70891,4d6e,1139,0358,520,15840
70918,2073,1140,0358,518,26600
70962,1bde,1141,0358,516,44560
70993,64aa,1142,0358,515,30960
71001,6900,1146,6668,633,7400
71050,45cc,1143,0358,515,49880
71053,6547,1147,6668,635,2120
71077,6907,1144,0358,514,24080
71078,f9b2,1148,6668,637,1280
71198,3603,1145,0358,515,119920
71210,592a,1146,0358,515,12080
71221,99b8,1149,6668,639,11160
71233,2857,1147,0358,515,12080
71269,beb1,1148,0358,515,35760
71405,41b6,1149,0358,515,136000
71410,3042,1150,6668,640,5240
71413,1184,1151,6668,639,2760
71442,355d,1152,6668,639,29360
71451,f2de,1153,6668,639,8640
71452,f9fa,1150,0358,514,1320
71475,0046,1151,0358,513,22400
71486,1338,1154,6668,639,11080
71526,0271,1155,6668,640,40560
71548,f2eb,1156,6668,641,22080
71593,b399,1157,6668,642,44760
71611,179e,1158,6668,643,18240
71612,e6e3,1152,0358,512,1160
71631,d7a5,1153,0358,510,18200
71649,628d,1159,6668,643,18720
71668,d9d6,1154,0358,509,19080
71673,8b5f,1160,6668,643,4240
71700,e6f8,1155,0358,509,26840
71716,f2ec,1161,6668,644,15960
71741,7916,1156,0358,510,25040
71743,5fa1,1162,6668,644,2440
71778,6acc,1157,0358,511,35320
71785,cee9,1163,6668,646,6880
71789,5a5e,1158,0358,513,4200
71790,0130,1164,6668,648,160
71794,7922,1159,0358,515,4240
71795,d82d,1160,0358,519,760
71798,6076,1161,0358,524,2960
71829,b67c,1165,6668,651,31800
71835,7d78,1166,6668,654,5200
71874,7962,1162,0358,530,39880
71887,1b66,1167,6668,662,12400
71895,ee91,1163,0358,536,8040
71908,61e8,1168,6668,670,13440
71931,0c3e,1164,0358,541,22760
71956,3087,1165,0358,548,25040
71974,63c0,1166,0358,555,17720
72029,ebef,1167,0358,562,54920
72030,79fe,1169,6668,679,1760
72054,8dfa,1170,6668,686,23920
72057,75af,1171,6668,693,2600
72060,3c33,1168,0358,568,2600
72090,1c9f,1172,6668,701,30800
72120,5cca,1173,6668,709,29560
72151,ac22,1174,6668,716,31160
72153,a90f,1169,0358,576,2320
72162,dd2a,1170,0358,583,8080
72169,30c4,1171,0358,590,7040
72170,0beb,1172,0358,599,1280
72181,80e8,1173,0358,610,11080
72204,483a,1174,0358,623,23360
72230,f847,1175,0358,637,25320
72238,1ea4,1176,6668,651,7920
72273,f27a,1177,6668,667,35000
72284,2f60,1178,6668,684,11760
72306,d58f,1179,6668,702,21880
72322,5c98,1180,6668,720,15400
72328,3a46,1181,6668,739,6920
72335,453c,1182,6668,758,7000
72429,0928,1183,6668,778,93360
72491,562d,1184,6668,799,61800
72537,e11b,1176,0358,651,46080
72554,442a,1177,0358,662,17600
72580,196a,1178,0358,674,26040
72594,cfc2,1179,0358,686,13440
72609,b6a4,1185,6668,821,15240
72674,1a56,1186,6668,841,65120
72729,54b8,1187,6668,860,54360
72748,cce5,1180,0358,698,19240
72749,9497,1188,6668,879,1200
72772,ba9c,1181,0358,709,23360
72818,5bc3,1182,0358,719,45840
72820,d49c,1189,6668,899,1560
72842,80a3,1190,6668,919,22520
72957,ace5,1191,6668,939,114320
72957,8681,1192,6668,958,280
72963,2b49,1183,0358,729,6160
72966,9a6a,1193,6668,978,3480
72986,555f,1194,6668,1000,19160
73058,e43f,1195,6668,1022,72320
73072,18d1,1184,0358,738,14480
73087,1e9d,1196,6668,1046,14880
73091,d527,1197,6668,1070,4080
73129,c3df,1185,0358,747,37880
73154,e5b0,1198,6668,1095,24880
73175,dc9a,1186,0358,755,20640
73206,73ed,1199,6668,1120,31200
73257,cf5c,1187,0358,763,50800
73287,7f9f,1200,6668,1148,30680
73319,4328,1201,6668,1176,31200
73353,76a3,1188,0358,771,34240
73372,7a1c,1189,0358,778,18640
73387,a968,1202,6668,1204,15920
73419,3fb4,1203,6668,1236,31920
73462,3240,1190,0358,785,42320
73489,fd96,1204,6668,1268,27640
73501,7de9,1205,6668,1300,12040
73506,fb47,1191,0358,791,4800
73523,ff27,1206,6668,1333,16680
73531,2b5c,1207,6668,1368,7760
73545,86f8,1192,0358,797,14160
73580,5785,1208,6668,1405,35520
73654,a963,1193,0358,803,73440
73832,2c1f,1194,0358,808,177880
73861,4fed,1195,0358,811,29480
73970,5c22,1209,6668,1441,109000
73974,e750,1196,0358,815,4080
74009,5fbb,1197,0358,818,34360
74047,323b,1210,6668,1464,38200
74090,a58d,1198,0358,821,42760
74096,56fc,1211,6668,1485,6920
74232,4575,1199,0358,823,135120
74243,260d,1200,0358,825,11200
74293,d5a5,1212,6668,1504,49960
74310,2e4e,1213,6668,1520,17000
74368,73b2,1201,0358,827,58720
74383,4fb4,1202,0358,828,14480
74403,1791,1203,0358,831,20320
74571,bd2e,1214,6668,1536,167880
74644,01ca,1215,6668,1545,72640
74649,0c8e,1204,0358,834,5440
74715,16f3,1205,0358,834,65600
74773,a808,1206,0358,833,58680
74935,55b5,1216,6668,1553,161600
75000,bbd1,1217,6668,1554,64920
75004,869c,1207,0358,832,4400
75059,6903,1218,6668,1554,54280
75099,260f,1208,0358,828,40800
75174,e683,1209,0358,823,75000
75221,f903,1210,0358,818,46720
75260,5629,1219,6668,1554,38720
75320,c0c5,1211,0358,812,60400
75368,b9e3,1212,0358,805,47920
75369,d6a3,1213,0358,798,480
75391,2cb1,1214,0358,792,22240
75405,9d06,1215,0358,786,13600
75445,a57e,1220,6668,1551,40560
75495,3361,1216,0358,780,50240
75526,ca88,1221,6668,1544,30680
75591,47de,1222,6668,1535,64600
75692,b1ff,1217,0358,773,101720
75696,51b6,1218,0358,765,3920
75728,83f2,1219,0358,757,31760
75729,501a,1220,0358,750,680
75731,8e41,1221,0358,743,2040
75737,863a,1222,0358,736,6160
75761,fd15,1223,6668,1524,24200
75774,b6ee,1223,0358,729,13320
75784,b03b,1224,0358,722,9880
75821,94d1,1225,0358,715,36280
75826,18e8,1226,0358,708,5000
75843,72f8,1227,6668,704,16960
75853,f13b,1228,6668,700,10120
75853,e5fb,1227,0358,704,720
75858,4853,1229,6668,696,4800
75877,bbbd,1228,0358,700,18640
75908,314a,1230,6668,693,31200
75919,19b8,1231,6668,691,10600
75921,51c4,1232,6668,689,1960
75922,290d,1229,0358,696,1640
75929,2d2b,1230,0358,692,6600
75949,cf41,1231,0358,689,19960
75973,e5e8,1233,6668,687,24640
76015,cd4d,1232,0358,687,41400
76017,4648,1233,0358,684,2080
76029,585e,1234,0358,683,11600
76042,ff89,1235,0358,683,13320
76079,5019,1236,0358,684,37360
76100,c645,1237,6668,685,21240
76218,a6f3,1238,6668,686,117520
76223,da45,1239,6668,687,5040
76320,a5c4,1237,0358,685,96880
76385,e736,1238,0358,684,64640
76410,0d00,1240,6668,688,25120
76429,d48b,1239,0358,683,19640
76524,ab5c,1241,6668,688,95160
76531,f71d,1242,6668,687,6280
76533,093c,1243,6668,687,2760
76535,0bd7,1240,0358,682,1280
76555,ace8,1241,0358,681,20520
76561,0260,1244,6668,688,5480
76614,fd7f,1245,6668,691,52880
76708,7683,1246,6668,693,94120
76722,9933,1247,6668,696,14160
76777,81e1,1242,0358,680,54680
76781,5240,1243,0358,677,4000
76790,d12d,1244,0358,675,9520
76849,38ce,1248,6668,699,59120
76888,6ca3,1249,6668,701,39240
76891,4818,1245,0358,675,2480
76918,4dbf,1246,0358,674,27120
76948,abaf,1250,6668,705,29800
76955,b48f,1251,6668,708,7480
76978,5028,1247,0358,674,22440
76984,c114,1248,0358,674,6000
77037,9256,1252,6668,713,53640
77042,db04,1249,0358,675,5000
77047,ca39,1250,0358,677,4720
77078,b71b,1251,0358,679,30720
77090,4570,1253,6668,717,12120
77125,9195,1252,0358,682,35160
77160,eaad,1254,6668,720,34520
77209,def2,1255,6668,726,49520
77218,3ba2,1256,6668,732,8440
77228,0c7f,1257,6668,739,10080
77236,5a23,1258,6668,750,8080
77315,d5ad,1253,0358,685,79320
77331,bc33,1259,6668,762,16240
77342,a087,1260,6668,774,10280
77441,ee39,1254,0358,686,99080
77469,7aa1,1255,0358,688,28680
77547,7349,1261,6668,787,77320
77583,2df6,1256,0358,690,36080
77621,2ff3,1257,0358,692,37840
77641,ce69,1262,6668,798,20360
77649,3c5b,1263,6668,809,7720
77654,1972,1264,6668,820,5440
77656,2842,1265,6668,831,1360
77697,b18f,1266,6668,843,41160
77780,0065,1267,6668,856,83640
77852,805e,1258,0358,696,71560
77857,0ba0,1268,6668,871,5280
77920,fee8,1269,6668,885,62600
78008,e4cb,1270,6668,899,87800
78038,0099,1259,0358,699,29960
78110,227c,1260,0358,700,72120
78137,e301,1261,0358,701,27040
78171,97c4,1262,0358,703,34640
78179,751c,1263,0358,705,7680
78249,9740,1271,6668,911,69720
78282,b0df,1272,6668,919,32960
78287,7dd9,1264,0358,707,5560
78339,fb1c,1273,6668,926,51680
78364,5f54,1265,0358,708,25200
78414,6986,1274,6668,933,50280
78467,d872,1275,6668,939,52320
78482,b4a5,1276,6668,944,14840
78532,8b58,1266,0358,708,50560
78584,8047,1277,6668,949,52320
78615,40c6,1267,0358,707,30840
78658,b185,1268,0358,707,42880
78666,52b3,1269,0358,707,7480
78759,efb7,1278,6668,953,93040
78796,3e9f,1279,6668,954,37800
78854,30cd,1280,6668,956,57280
78888,c8a6,1270,0358,707,34240
78897,8a0e,1281,6668,957,9240
78926,d374,1271,0358,705,28520
78939,13a9,1282,6668,957,13600
78971,2f00,1272,0358,702,31160
79003,d851,1273,0358,699,32600
79101,4157,1274,0358,696,97400
79125,0530,1283,6668,958,24160
79130,c182,1284,6668,956,5440
79135,8464,1275,0358,692,4800
79195,ad7d,1276,0358,688,60520
79210,bdfa,1277,0358,684,14480
79262,4415,1285,6668,954,52440
79292,9602,1278,0358,680,29600
79298,bd1d,1279,0358,675,6320
79307,8569,1280,0358,671,8360
79348,06ae,1286,6668,950,41720
79427,d488,1281,0358,667,78720
79464,e204,1287,6668,945,36840
79467,0004,1282,0358,662,2640
79491,c0a8,1288,6668,939,24240
79557,94bc,1283,0358,657,65880
79585,7dad,1289,6668,934,28600
79587,ba94,1284,0358,651,1880
79604,417b,1285,0358,645,17120
79608,2e6b,1290,6668,928,4200
79622,c487,1291,6668,925,13640
79628,c889,1286,0358,639,5920
79689,f480,1287,0358,633,61080
79717,0add,1288,0358,629,27680
79768,430c,1289,0358,625,51320
79772,5ee3,1292,6668,923,3680
79773,a1df,1290,0358,621,840
79790,0126,1291,0358,618,16880
79800,cb73,1293,6668,919,10880
79832,7535,1294,6668,915,31320
79891,d743,1295,6668,911,59760
79893,cc52,1292,0358,615,1600
79934,92d8,1296,6668,906,40920
79960,8a32,1293,0358,613,26120
