time,block,node,difficulty,creation time
77,2e48:1,2320,,77
462,2fd0:2,2240,,384
465,7278:2,2be0,,3
509,7358:3,2240,,44
590,75c0:3,2400,,80
629,7780:4,2400,,39
789,7ac8:5,2160,,159
869,7eb8:5,2780,,80
984,7f60:6,2a20,1500.0,114
1042,c358:7,2be0,1398,57
1125,c6d8:8,2a20,1330,83
1126,ca58:9,2240,1248,1
1135,cc88:9,26a0,1265,8
1150,ceb8:10,2400,1279,15
1271,3208:11,2a20,1338,120
1280,35c0:12,2be0,1370,8
1476,3978:13,2be0,1439,196
1532,3c18:14,2400,1419,55
1582,70b8:15,25c0,1381,49
1739,7438:16,2240,1376,157
1754,7780:16,2940,1306,15
1882,7898:17,2be0,1234,127
1894,7ba8:18,2780,1192,12
1903,7f60:19,2400,1168,9
1903,d2e8:19,2940,1159,0
1928,d438:20,2940,1150,25
1990,d9e8:21,25c0,1200,61
2129,dda0:22,2b00,1281,139
2136,1128:23,25c0,1309,6
2170,14e0:24,2780,1339,34
2170,1780:24,2860,1365,0
2175,1940:25,2b00,1392,5
2383,1e80:26,2860,1447,207
2417,72b0:27,25c0,1469,33
2438,75f8:28,25c0,1478,21
2483,7978:29,2240,1493,44
2522,7d30:29,2160,1489,39
2535,7dd8:29,2940,1465,12
2652,7ef0:30,26a0,1436,117
2656,c2b0:31,2160,1450,3
2693,c5f8:31,2780,1479,36
2730,c6d8:32,2a20,1490,37
2742,ca58:33,2240,1493,11
2827,cda0:33,2400,1540,85
2887,ceb8:34,24e0,1543,60
3005,c240:35,2160,1577,117
3011,c5f8:35,2b00,1570,5
3090,c710:36,2a20,1560,79
3100,ca58:37,2400,1529,9
3126,cda0:38,24e0,1542,25
3318,0128:39,2400,1574,191
3498,0550:40,2b00,1570,180
3536,08d0:41,2b00,1515,37
3561,0c50:42,2400,1449,25
3600,0f60:43,2be0,1386,38
3624,5390:44,24e0,1394,23
3695,56d8:45,2780,1480,70
3720,5a90:46,2320,1553,25
3750,5e10:47,2320,1629,29
3821,91d0:48,2160,1715,71
3837,9550:48,2b00,1776,16
3869,9630:49,2320,1829,31
3899,99b0:50,2a20,1909,30
3901,9cc0:51,2860,1989,1
3966,0080:52,2940,2092,65
3989,0470:53,24e0,2218,23
4039,0780:54,2160,2359,49
4069,0b70:54,2b00,2491,29
4518,0c18:55,2860,2603,449
4567,0f98:56,2b00,2353,48
4800,6390:57,2320,2138,233
4814,6710:58,25c0,1826,14
5013,6a58:59,2860,1590,199
5025,6e10:60,2b00,1493,11
5034,a1d0:61,2940,1418,8
5055,a518:62,2be0,1450,21
5078,a8d0:63,2a20,1479,23
5090,ac50:64,25c0,1604,11
5113,afd0:65,2940,1740,23
5151,e358:66,2a20,1878,37
5154,e668:67,2b00,2014,3
5404,ea90:68,2be0,2175,249
5589,edd8:69,2be0,2164,184
5598,2198:70,25c0,2044,9
5686,2470:71,2860,1948,87
5711,28d0:72,2b00,1808,24
5890,2c50:73,2320,1803,179
5908,2fd0:74,25c0,1802,17
6098,9390:75,25c0,1796,190
6382,96d8:76,2320,1731,283
6410,9a90:77,2860,1540,27
6487,9dd8:78,2240,1434,76
6537,e048:78,26a0,1311,50
6563,e278:79,2780,1181,26
6565,e630:79,25c0,1119,1
6566,e748:80,2940,1060,1
6609,eac8:81,24e0,1102,42
6613,3048:82,24e0,1140,3
6655,3358:83,2940,1232,42
6667,3710:84,2a20,1323,11
6854,3ac8:85,2160,1417,187
6939,3e10:85,2a20,1443,85
6959,3ef0:86,2320,1428,20
7009,82e8:87,2b00,1406,49
7131,8630:88,2400,1381,122
7257,8978:89,2160,1309,126
7293,8d30:89,2b00,1301,35
7309,8e10:90,2be0,1278,16
7327,c208:91,2be0,1257,17
7359,c588:92,2320,1249,32
7381,c908:93,2b00,1279,21
7538,cc50:94,2400,1376,157
7634,4048:95,2320,1409,96
7745,4358:96,2be0,1405,110
7766,4710:97,2860,1365,21
7783,4ac8:98,2780,1327,16
7812,4e48:99,2860,1351,28
7812,8208:99,2940,1408,0
7841,8320:100,2940,1468,29
7890,87f0:101,2400,1574,48
7962,8908:102,2a20,1672,72
7963,8c88:102,2860,1741,0
8000,8d68:103,2780,1813,37
8054,d320:104,2860,1882,54
8143,d6a0:105,24e0,1938,88
8201,d9e8:106,26a0,1968,57
8251,dd30:107,2a20,2009,50
8257,3048:108,2400,2042,6
8588,3400:109,25c0,2110,330
8665,3748:110,2940,2012,77
8687,3a90:111,2780,1907,21
8764,3d68:112,2160,1824,76
8767,7128:112,2be0,1706,2
8790,7208:113,2a20,1594,23
8882,7550:114,2780,1647,91
8938,7860:115,2940,1694,55
8942,7ba8:116,2a20,1722,4
9005,7f28:117,24e0,1796,62
9127,d278:118,2780,1848,121
9163,d5f8:119,24e0,1882,36
9270,d940:120,2a20,1930,107
9301,dc50:121,2860,1912,30
9412,dfd0:122,2780,1914,111
9487,2358:123,2320,1922,74
9511,26a0:124,25c0,1906,24
9573,29b0:125,26a0,1944,62
9623,2d30:126,2240,1961,50
9640,90b8:127,2240,2021,16
9734,9128:126,2be0,2125,93
9749,9208:127,2be0,2110,14
9842,9550:128,2940,2137,93
9929,9860:129,2240,2115,86
10111,9ba8:129,2780,2076,182
10195,9c88:130,2780,1923,84
10303,9fd0:131,2780,1824,107
10313,e358:132,2860,1681,9
10314,e630:132,2160,1590,1
10336,e710:133,2780,1503,21
10339,ea90:134,2400,1541,3
10473,edd8:135,2240,1625,133
10540,40f0:135,2320,1698,67
10604,41d0:136,2780,1734,63
10663,4550:137,2400,1739,59
10782,4860:138,2a20,1723,118
10901,4ba8:139,2860,1644,119
11055,4ef0:140,2a20,1611,154
11092,a2b0:141,2780,1533,36
11123,a5f8:142,2780,1469,31
11139,a908:143,2940,1449,15
11156,ac88:144,2940,1479,17
11229,afd0:145,26a0,1584,72
11542,e358:146,24e0,1674,313
11553,e6a0:147,25c0,1610,11
11646,e9b0:148,2160,1550,92
11650,ecc0:148,2320,1457,4
11660,edd8:149,2240,1368,9
11688,3160:149,2160,1310,28
11708,31d0:150,2160,1244,19
11711,3278:149,2320,1302,2
11802,3358:150,24e0,1227,90
11849,36a0:151,2be0,1243,47
11862,3978:152,26a0,1244,13
11913,3c88:153,2a20,1281,50
11919,9048:154,2320,1324,6
11943,9278:155,26a0,1409,23
12114,9710:156,2400,1512,170
12118,9a58:157,24e0,1536,4
12266,9dd8:158,24e0,1586,147
12286,e0f0:159,2b00,1561,20
12456,e4a8:160,26a0,1539,170
12470,e7b8:161,2b00,1517,14
12489,eb38:162,2be0,1491,19
12550,ee10:163,26a0,1529,60
12554,31d0:164,2860,1547,3
12668,3518:165,26a0,1659,114
12800,3860:166,2be0,1717,132
12907,3be0:167,2be0,1710,106
12918,3e80:168,24e0,1678,11
13046,92b0:169,26a0,1642,128
13063,95c0:170,2860,1600,17
13109,98d0:171,2780,1620,46
13205,9c88:172,2be0,1674,95
13240,9fd0:173,2940,1681,34
13382,f358:174,26a0,1742,142
13427,f5c0:175,2b00,1731,44
13604,f9e8:176,2240,1721,177
13640,fcf8:176,2860,1666,35
13812,fda0:177,24e0,1594,172
13891,5128:178,25c0,1461,78
13952,54a8:179,25c0,1366,60
13979,5710:180,2b00,1270,27
13999,5a58:181,2860,1253,20
14065,5e48:182,2160,1301,65
14073,a160:182,26a0,1358,7
14117,a278:183,2240,1413,44
14121,a588:183,2940,1479,3
14172,a668:184,2240,1546,51
14181,a978:184,2160,1602,8
14217,aa58:185,2240,1656,35
14283,ab00:184,2940,1702,66
14413,abe0:185,2a20,1699,129
14706,af28:186,2160,1637,293
14778,f2b0:186,2780,1473,71
14797,f358:187,2320,1297,19
14867,f6a0:188,2a20,1152,69
14925,f9b0:189,2be0,1052,57
14946,fc88:190,26a0,982,21
14952,50b8:191,2400,1027,6
14954,5400:191,2940,1079,1
14979,5470:192,2320,1133,25
14982,5a58:193,2780,1209,3
14999,5da0:194,2400,1315,16
15014,a128:195,2320,1433,14
15053,a4a8:196,2320,1556,39
15112,a780:197,2940,1682,58
15144,ab38:198,26a0,1782,31
15145,ae80:198,2320,1879,0
15207,aef0:199,24e0,1980,62
15323,f550:200,2400,2053,115
15567,f898:201,2400,2074,243
15740,fbe0:202,2160,1972,173
15753,fe48:203,2160,1795,13
15817,ffd0:202,2240,1658,63
15825,40b8:203,2240,1475,7
15835,4128:202,24e0,1333,10
15838,4208:203,2780,1179,2
15917,4518:204,2b00,1061,79
16057,4860:205,2320,966,140
16063,4b70:206,24e0,908,6
16082,4ef0:207,24e0,930,18
16171,92b0:208,2320,947,88
16250,95f8:209,2780,961,78
16262,9940:210,2240,996,12
16287,9c88:210,2860,1030,25
16357,9cf8:211,2940,1056,69
16395,1080:212,2400,1064,38
16401,13c8:213,2320,1091,5
16432,1748:214,25c0,1147,30
16494,1a90:215,2320,1209,62
16494,1da0:215,24e0,1278,0
16506,1e80:216,25c0,1351,11
16624,64a8:217,2940,1442,118
16693,67b8:218,2be0,1479,68
16705,6ac8:219,2b00,1498,12
16806,6e80:220,2240,1543,100
16917,d208:220,25c0,1542,111
16953,d278:221,2400,1486,36
17009,d518:222,24e0,1471,56
17055,d860:223,2160,1462,45
17120,dbe0:223,2240,1438,65
17122,dcf8:224,2240,1384,2
17136,ddd8:225,2240,1429,13
17145,de48:223,2320,1487,9
17164,def0:224,24e0,1420,18
17188,22b0:225,2940,1445,24
17199,25c0:226,2320,1477,11
17392,2780:227,26a0,1533,192
17396,2c88:228,2240,1560,4
17404,2fd0:228,2780,1595,7
17431,80b8:229,2be0,1627,27
17580,83c8:230,2320,1658,148
17594,8748:231,2400,1614,14
17609,8978:232,2400,1668,15
17611,8da0:232,2a20,1722,2
17691,8f28:233,2780,1776,79
17703,e4a8:234,2a20,1800,12
17772,e7b8:235,2780,1912,68
17964,eb00:236,2400,1993,192
18035,ee80:237,2a20,1957,71
18074,3208:238,24e0,1928,38
18090,3518:239,2780,1883,15
18271,35c0:240,2be0,1871,180
18305,3b70:241,2a20,1866,34
18380,3f28:242,26a0,1885,74
18737,92b0:243,2be0,1881,356
18809,95f8:244,25c0,1686,72
18877,9908:245,2160,1561,68
18936,9c50:245,2400,1431,58
18937,9cf8:245,2940,1288,0
19044,9e10:246,2b00,1159,106
19091,e3c8:247,2240,1033,46
19129,e6d8:247,2160,1014,38
19174,e7b8:247,24e0,983,44
19249,e898:248,2a20,940,75
19254,eba8:249,2940,898,5
19277,eef0:250,2780,892,22
19284,5278:251,2160,912,6
19297,5588:251,24e0,973,13
19350,56a0:252,2780,1033,52
19588,59b0:253,2940,1106,237
19626,5cf8:254,2a20,1093,38
19637,c0b8:255,2160,1075,10
19638,c400:256,2160,1061,1
19649,c470:255,26a0,1065,10
19794,c550:256,2940,1046,144
19804,c780:257,2160,998,10
19930,cac8:257,2320,1026,125
19977,cc50:258,2160,1011,47
19977,cf98:258,2400,994,0
20016,10b8:259,26a0,977,39
20097,13c8:260,2240,955,80
20117,1748:260,24e0,953,20
20188,17b8:261,2160,945,70
20230,1ac8:261,2a20,958,42
20308,1ba8:262,2b00,957,78
20317,1ef0:263,2400,947,8
20366,8278:264,2a20,946,49
20369,85c0:264,2be0,962,3
20449,8828:265,2940,977,80
20464,8c88:266,2400,1004,14
20472,8f60:267,26a0,1054,8
20508,d358:268,2160,1107,35
20530,d668:268,24e0,1168,22
20582,d710:269,2780,1223,51
20586,da58:270,2780,1295,3
20641,ddd8:271,2b00,1376,55
20667,2128:272,2320,1439,26
20678,24a8:273,25c0,1521,10
20884,27f0:274,2780,1631,206
20980,2ac8:275,24e0,1631,95
20999,2e80:276,2be0,1609,19
21014,8208:277,26a0,1591,15
21068,8518:278,2a20,1572,54
21071,8898:279,2240,1635,2
21150,8ac8:279,2940,1757,78
21209,8c88:280,24e0,1836,59
21510,8f98:281,26a0,1892,300
21662,f358:282,2b00,1775,151
21757,f6a0:283,24e0,1616,95
21778,f9b0:284,2b00,1465,20
21945,fcf8:285,2b00,1344,167
22101,2080:286,24e0,1286,155
22102,2400:286,2320,1228,0
22119,2550:287,2160,1173,16
22218,29b0:287,26a0,1149,99
22236,2b38:288,2240,1090,17
22322,2e80:288,2860,1035,86
22329,2f28:289,2400,957,7
22508,a278:290,2a20,930,178
22519,a5c0:291,2a20,897,11
22533,a940:292,2780,896,13
22592,ac50:293,24e0,923,58
22735,afd0:294,26a0,934,142
22825,1358:295,2b00,957,90
22847,1668:296,26a0,955,22
22883,19b0:297,24e0,950,35
22972,1c18:298,2780,952,89
23072,6080:299,2240,972,99
23085,6400:300,2240,989,12
23085,6470:299,26a0,1010,0
23092,6518:300,24e0,1023,6
23121,6828:301,2320,1042,28
23132,6ba8:302,2be0,1063,11
23218,6e80:303,2a20,1114,85
23225,e278:304,2780,1179,7
23277,e588:305,26a0,1248,52
23293,e940:306,2940,1310,15
23426,ec50:307,26a0,1373,133
23461,ef60:308,2860,1416,34
23522,42e8:309,2320,1446,60
23563,4630:310,2be0,1473,41
23613,49e8:311,24e0,1487,50
23799,4d30:312,2320,1545,185
23873,9048:313,2780,1525,74
23929,93c8:314,2940,1499,55
23958,9710:315,2a20,1466,29
24034,9a90:316,2780,1444,75
24127,9cf8:317,2a20,1475,93
24144,f0b8:318,2780,1497,16
24176,f438:319,26a0,1540,32
24379,f7f0:320,2be0,1583,202
24504,fb38:321,2400,1559,125
24617,fdd8:322,25c0,1519,112
24729,51d0:323,2a20,1436,111
24731,54e0:323,25c0,1324,1
24800,55f8:324,2be0,1220,69
24820,5be0:325,2b00,1172,19
24824,5eb8:326,2160,1165,3
24857,b2b0:326,2a20,1202,33
24868,b320:327,2780,1226,11
24926,b668:328,25c0,1296,58
25076,b978:329,2b00,1375,149
25221,bd30:330,2160,1395,145
25267,80b8:330,2be0,1365,45
25486,8160:331,2a20,1316,219
25519,84a8:332,2160,1189,32
25560,87f0:332,2780,1083,40
25601,8898:333,2b00,974,41
25605,8ba8:334,2a20,905,4
25644,8f28:335,2a20,893,38
25687,6278:336,2940,937,42
25700,64e0:337,2be0,994,13
25726,68d0:338,2a20,1065,25
25741,6c88:339,2780,1132,15
25769,6fd0:340,25c0,1214,27
25791,f358:341,2940,1309,21
25905,f668:342,2240,1407,114
25976,f9e8:342,2b00,1465,70
26043,fa90:343,2860,1489,66
26044,fdd8:343,2780,1488,1
26073,ffd0:344,2be0,1486,28
26086,3470:345,2be0,1484,13
26153,37b8:346,2b00,1486,66
26169,3b38:347,2a20,1549,16
26197,3e80:348,2320,1644,27
26264,91d0:349,24e0,1746,66
26266,9550:349,2be0,1820,2
26315,95f8:350,2780,1895,48
26514,9be0:351,2860,1986,199
26715,9ef0:352,2240,1956,201
26773,e278:352,25c0,1823,58
26931,e320:353,2780,1669,158
26984,e6a0:354,2940,1486,53
27017,e940:355,2860,1323,32
27054,ed30:356,25c0,1239,36
27059,10b8:357,2860,1247,5
27143,13c8:358,2320,1323,84
27180,1710:359,2860,1388,36
27210,1a90:360,24e0,1454,30
27386,1d68:361,2780,1527,176
27485,a160:362,2a20,1513,99
27504,a4a8:363,2860,1492,18
27506,a7f0:363,2320,1480,2
27546,aa90:364,2a20,1466,39
27735,ada0:365,2a20,1448,188
27735,1080:365,2160,1424,0
27782,12b0:366,2240,1401,47
27807,15f8:366,2400,1402,24
27851,1668:367,2780,1391,43
27853,18d0:368,25c0,1369,2
27959,1c88:369,25c0,1365,106
28028,4080:370,2400,1400,68
28050,43c8:371,2a20,1438,22
28106,4710:372,26a0,1487,55
28153,4a58:373,2400,1511,47
28269,4da0:374,2a20,1566,115
28448,10f0:375,24e0,1597,179
28494,1470:376,25c0,1546,45
28680,17b8:377,24e0,1501,185
28762,1b00:378,2400,1395,81
28874,1e48:379,2240,1310,112
28984,71d0:379,2b00,1257,109
29023,7278:380,2320,1165,38
29078,74e0:381,26a0,1082,55
29115,7860:382,2320,1047,36
29117,7c50:383,2860,1028,2
29160,7f98:384,25c0,1088,42
29240,c320:385,2860,1150,80
29299,c588:386,24e0,1205,58
29323,c978:387,2860,1253,24
29399,cc50:388,2a20,1293,75
29420,0048:389,2b00,1319,21
29423,03c8:390,2a20,1373,2
29456,06d8:391,25c0,1458,32
29547,0a20:392,25c0,1544,90
29594,0d68:393,26a0,1626,47
29605,30f0:394,2240,1697,10
29620,3438:395,2240,1766,15
29641,34e0:394,2b00,1849,21
29643,3588:395,2320,1900,1
29652,37f0:396,2240,1974,9
29753,3c18:396,2940,2110,100
29767,3c88:397,24e0,2178,14
29800,c048:398,25c0,2274,32
29988,c358:399,2860,2386,187
30057,c6d8:400,2a20,2350,69
30081,ca20:401,2160,2346,23
30174,cd68:401,25c0,2335,92
30371,ce10:402,2400,2255,197
30380,20f0:403,2240,2068,9
30487,24a8:403,2940,2006,106
30649,2550:404,2a20,1881,161
30678,2898:405,2940,1714,28
30736,2c18:406,2780,1604,58
30747,2f60:407,2240,1569,10
30762,82e8:408,2240,1590,14
30768,8390:407,2b00,1695,6
30809,8400:408,2a20,1705,40
30984,8780:409,2780,1788,174
31013,8a90:410,2b00,1784,29
31013,8e10:410,25c0,1797,0
31112,8eb8:411,2320,1810,99
31150,54e0:412,2400,1783,37
31155,5828:413,25c0,1758,4
31168,5b70:414,26a0,1836,12
31270,5eb8:415,2860,1929,102
31293,3240:416,2b00,2024,22
31443,3550:417,2940,2136,149
31510,3860:418,2be0,2144,67
31560,3c18:419,2860,2113,49
31596,3f28:420,25c0,2120,36
31612,d2e8:421,25c0,2117,15
31693,d5f8:422,26a0,2213,81
31784,d978:423,2a20,2302,90
31974,dc50:424,2be0,2361,189
32067,f048:425,2400,2301,93
32220,f390:426,2be0,2187,152
32248,f668:427,2860,2033,28
32480,fa20:428,2860,1927,232
32487,fd30:429,2940,1803,6
32632,40f0:430,2b00,1733,144
32666,4358:431,2240,1670,34
32705,4780:431,2320,1606,38
32708,4828:432,26a0,1525,2
32716,4ac8:433,2780,1562,8
32788,4eb8:434,2940,1599,71
32792,6240:435,2be0,1679,4
32799,64e0:436,24e0,1807,7
32832,6860:437,2240,1942,33
32837,6be0:437,2400,2068,5
33007,6cc0:438,2240,2199,169
33059,3048:438,26a0,2259,52
33256,30f0:439,2b00,2280,196
33373,3438:440,26a0,2161,117
33442,3710:441,2a20,1980,68
33453,3ac8:442,2940,1797,11
33515,3cc0:443,2a20,1742,61
33534,6198:444,2b00,1765,18
33554,64e0:445,2400,1850,19
33633,6828:446,2240,1973,79
33686,6b00:446,2160,2055,53
33783,6be0:446,2b00,2102,96
33885,6c88:447,2860,2081,101
33943,7048:448,2be0,2034,58
33964,7320:449,24e0,1962,21
34023,76d8:450,2a20,1892,58
34038,7a20:451,2780,1930,15
34101,7cf8:452,26a0,2028,62
34160,70b8:453,2400,2128,59
34168,7438:454,2160,2204,8
34201,7748:454,2b00,2324,32
34507,7828:455,2240,2422,306
34582,7b70:455,24e0,2292,75
34611,7c18:456,2400,2119,28
34755,7f60:457,2240,1980,143
34800,22e8:457,2400,1802,45
34854,2390:458,2860,1618,53
34896,26a0:459,2320,1447,42
35022,29e8:460,2be0,1440,126
35130,2cf8:461,2860,1388,107
35174,e0f0:462,2b00,1374,44
35180,e400:463,2160,1364,5
35182,e780:463,2320,1371,1
35217,e828:464,2860,1377,34
35252,eb70:465,2780,1427,35
35259,eeb8:466,2400,1517,7
35438,a208:467,2a20,1634,179
35511,a588:468,2940,1658,73
35513,a8d0:468,24e0,1660,1
35513,a9e8:469,2320,1661,0
35630,ab70:470,2940,1682,116
35664,af60:471,2400,1643,34
35733,9320:472,2400,1684,68
35806,9668:473,2780,1729,73
35859,99e8:474,26a0,1733,52
35898,9d30:475,2240,1775,39
35987,20b8:475,2780,1815,89
36047,2128:476,2be0,1801,60
36221,24a8:477,2400,1792,173
36311,27b8:478,25c0,1725,89
36471,2b38:479,26a0,1641,160
36491,2e10:480,2320,1546,20
36569,4208:481,2860,1475,77
36586,4550:482,2a20,1451,17
36638,4898:483,2860,1462,51
36638,4b70:483,2400,1529,0
36680,4c88:484,2a20,1599,41
36765,1278:485,26a0,1660,85
36789,1588:486,2320,1719,23
37030,1908:487,2a20,1776,241
37038,1b70:488,25c0,1723,8
37058,1ef0:489,2be0,1689,19
37201,a358:490,24e0,1693,142
37262,a6a0:491,2240,1632,61
37358,a9b0:491,2be0,1669,96
37359,aa58:491,26a0,1653,1
37513,abe0:492,2860,1636,153
37707,6160:493,2b00,1546,193
37831,6438:494,2940,1385,124
37883,67f0:495,2780,1247,52
37942,6b38:496,2860,1160,58
37948,6d30:497,2860,1112,6
37960,3198:498,2be0,1134,11
37981,3550:499,24e0,1202,21
38042,3860:500,2b00,1288,60
38134,3ba8:501,2320,1379,92
38142,3f28:502,2160,1433,7
38149,3240:502,2940,1491,6
38320,3358:503,2400,1548,170
38348,36a0:504,26a0,1528,28
38405,39e8:505,24e0,1524,57
38508,3d30:506,25c0,1538,102
38743,60b8:507,2780,1508,235
38883,63c8:508,2780,1448,140
38995,6748:509,2780,1342,112
39012,6a58:510,26a0,1223,16
39053,6d68:511,24e0,1145,40
39072,9160:512,2940,1141,19
39092,94a8:513,2940,1185,19
39135,97f0:514,2320,1271,43
39172,9b38:515,2780,1350,37
39304,9e80:516,25c0,1436,132
39365,e0f0:517,2400,1469,60
39446,2d30:518,2780,1482,81
39464,e668:519,2320,1476,18
39525,ec88:520,25c0,1480,61
39546,e6a0:521,2860,1519,20
39624,e7b8:522,2400,1581,78
39628,7eb8:523,2be0,1648,4
39737,8710:524,26a0,1726,108
39894,8780:525,2160,1778,157
39900,8278:525,2320,1749,5
40035,8a58:526,2240,1717,135
40134,7be0:526,2780,1655,99
40208,78d0:527,2320,1546,74
40326,74a8:528,2320,1413,117
40362,7630:529,2780,1288,35
40434,7d68:530,24e0,1222,72
40538,17b8:531,25c0,1222,104
40634,10f0:532,24e0,1209,95
40787,14a8:533,2320,1205,153
40931,1a90:534,2940,1156,143
40962,1cc0:535,24e0,1084,30
40998,31d0:536,26a0,1041,36
41018,3240:537,2320,1019,20
41038,3748:538,2780,1042,20
41084,3d30:539,2940,1113,45
41115,35c0:540,2240,1183,30
41169,d0b8:540,26a0,1260,54
41196,d160:541,2320,1316,26
41206,d8d0:542,2b00,1372,9
41244,8b70:543,25c0,1435,38
41541,8438:544,2780,1504,296
41621,8898:545,2780,1468,80
41728,8c88:546,2860,1409,106
41779,8eb8:547,2a20,1311,51
41846,b198:548,2be0,1215,66
41920,b4e0:549,2320,1213,74
41976,ba58:550,2320,1213,56
41997,bbe0:551,2780,1234,21
42004,e320:552,2780,1268,7
42129,e400:553,2940,1330,124
42210,e748:554,25c0,1371,81
42287,e668:555,25c0,1401,76
42303,e9b0:556,2240,1405,16
42343,ecf8:556,2940,1405,39
42352,eda0:557,2b00,1387,8
42359,00f0:558,2be0,1423,6
42432,0400:559,25c0,1498,73
42453,0780:560,2be0,1579,20
42466,0ac8:561,2b00,1685,12
42496,0e10:562,2a20,1796,30
42534,01d0:563,2400,1898,38
42590,0470:564,2400,2032,55
42815,0828:565,2b00,2148,225
42857,0ba8:566,2b00,2113,42
42963,0ef0:567,2b00,2071,106
42964,e278:567,2be0,1985,0
43005,e390:568,2400,1902,40
43010,e8d0:569,2940,1831,5
43016,ec50:570,2240,1897,6
43077,ef60:570,2860,1990,60
43092,8080:571,2400,2044,14
43121,83c8:572,2860,2168,29
43159,8710:573,2240,2309,37
43196,8a58:573,2860,2431,36
43473,8ac8:574,25c0,2527,276
43515,8e48:575,25c0,2448,42
43656,91d0:576,24e0,2350,140
43686,94e0:577,2a20,2179,29
43688,9860:578,2a20,2049,2
43805,9908:579,26a0,2108,116
44076,9e10:580,2160,2115,271
44195,b198:580,2780,2033,119
44220,b278:581,2240,1883,24
44227,b550:581,2860,1746,7
44341,b668:582,2320,1615,113
44409,b9b0:583,2780,1445,67
44434,bcf8:584,2780,1311,24
44494,b080:585,2a20,1338,59
44510,b3c8:586,25c0,1353,16
44585,b630:587,24e0,1415,75
44604,b9e8:588,2400,1475,19
44616,bda0:589,24e0,1541,11
44696,60f0:590,2780,1638,80
44836,6438:591,26a0,1702,140
44870,6780:592,2be0,1730,33
45092,6b00:593,2a20,1750,222
45094,6e48:594,26a0,1652,1
45113,90b8:595,25c0,1599,19
45131,9470:596,2be0,1611,18
45298,97b8:597,2b00,1631,166
45333,9b00:598,2a20,1683,35
45360,9e48:599,2be0,1717,26
45373,a160:600,26a0,1748,13
45407,a4a8:601,2400,1782,33
45433,a828:602,24e0,1903,26
45547,ab70:603,25c0,2038,113
45576,aef0:604,2320,2117,29
45621,6240:605,2860,2188,45
45685,65c0:606,2160,2252,64
45728,6908:606,26a0,2288,43
45836,6978:607,24e0,2291,107
46110,6cf8:608,2780,2299,273
46210,d048:609,2240,2132,100
46289,d358:609,26a0,1944,79
46357,d438:610,25c0,1731,68
46413,d780:611,25c0,1559,55
46493,db00:612,26a0,1427,79
46554,de48:613,2400,1388,60
46556,5198:614,24e0,1404,2
46566,5470:615,2940,1453,9
46588,5860:616,2860,1527,22
46624,5ba8:617,2b00,1638,36
46723,5ef0:618,26a0,1773,98
46772,f278:619,2be0,1855,49
46859,f5c0:620,2b00,1915,86
46903,f908:621,2400,1934,44
46930,fc50:622,2780,1947,26
46978,ff98:623,2940,2008,47
46985,52e8:624,2780,2073,7
47159,5630:625,2780,2200,174
47203,59b0:626,2be0,2232,43
47464,5c88:627,2320,2252,261
47538,2080:628,25c0,2120,73
47594,23c8:629,2240,1955,56
47600,26d8:629,2860,1871,6
47630,27b8:630,2240,1787,29
47713,2b00:630,2400,1714,83
47714,2b70:630,24e0,1601,0
47737,2c88:631,2320,1495,23
47781,0278:632,2860,1508,43
47924,05c0:633,2be0,1537,143
48047,0908:634,2780,1525,122
48105,0c50:635,2240,1508,58
48252,0f60:635,26a0,1474,146
48305,4080:636,26a0,1375,53
48312,4358:637,2b00,1279,6
48357,46d8:638,2940,1242,45
48524,4a58:639,2be0,1237,167
48556,4d30:640,2160,1248,32
48564,e0f0:640,24e0,1268,8
48586,e1d0:641,2860,1285,21
48686,e4a8:642,2780,1295,99
48706,e828:643,2be0,1282,20
48725,eac8:644,2240,1334,18
48779,ee48:644,26a0,1399,54
48835,ef98:645,2160,1440,55
48846,a320:645,26a0,1465,11
48899,a390:646,2be0,1484,52
48951,a6d8:647,2860,1528,52
49107,aa58:648,24e0,1556,155
49113,ad68:649,2a20,1541,6
49125,8128:650,26a0,1558,12
49202,83c8:651,2400,1597,76
49327,8780:652,2240,1624,125
49368,8b00:653,2240,1668,40
49372,8ba8:652,2160,1693,4
49381,8c18:652,2940,1712,9
49412,8cf8:653,2b00,1726,30
49524,3080:654,2400,1726,112
49614,3390:655,26a0,1670,89
49645,3710:656,2940,1609,31
49813,3a58:657,2320,1628,168
49844,3cf8:658,2320,1574,30
49907,80f0:659,2be0,1563,62
49911,8470:660,26a0,1566,3
49940,87b8:661,26a0,1584,29
50059,8ac8:662,24e0,1681,118
50110,8dd8:663,26a0,1730,51
50205,6198:664,2b00,1787,95
50217,6518:665,2320,1790,12
50234,6860:666,2320,1803,16
50235,6b70:667,24e0,1881,1
50257,6d68:668,2be0,1996,22
50413,1128:669,26a0,2175,155
50535,14e0:670,2240,2253,121
50643,1828:670,25c0,2252,108
50664,18d0:671,2a20,2173,21
50749,1ba8:672,2240,2083,84
50805,1f60:672,26a0,1958,56
51055,1048:673,2b00,1808,250
51235,1358:674,2a20,1622,179
51252,16d8:675,24e0,1477,17
51275,1a20:676,2940,1347,23
51349,1d68:677,2160,1274,73
51367,10f0:677,2a20,1276,18
51476,1160:678,2a20,1270,108
51503,14e0:679,2320,1295,27
51557,1828:680,2940,1316,54
51581,1ac8:681,2940,1323,23
51776,1e80:682,2860,1362,195
51820,7240:683,2860,1361,44
51876,7518:684,2b00,1353,56
52045,78d0:685,26a0,1344,169
52053,7be0:686,25c0,1274,7
52132,7f28:687,24e0,1283,79
52194,52e8:688,2240,1277,61
52232,5588:688,2160,1269,38
52322,56d8:688,2400,1245,89
52354,5780:689,2160,1187,31
52385,5ac8:689,26a0,1183,31
52428,5b38:690,2240,1167,43
52656,5eb8:690,26a0,1138,227
52766,5f60:691,25c0,1033,109
52766,52b0:692,25c0,929,0
52782,5400:693,2b00,886,15
52807,5898:694,2b00,858,25
52868,5be0:695,26a0,903,61
52893,5eb8:696,2400,966,24
52909,e2b0:697,2780,1025,16
52909,e5c0:697,2400,1087,0
52928,e668:698,24e0,1153,18
52931,ec88:698,2320,1226,3
53210,ee48:699,2320,1302,278
53220,c358:700,2be0,1284,9
53307,c668:701,26a0,1272,87
53407,c9e8:702,2860,1231,99
53492,cd30:703,25c0,1162,85
53502,30b8:704,2160,1169,10
53521,33c8:704,2400,1175,18
53523,3470:705,2160,1174,2
53579,3780:705,2be0,1207,55
53648,37f0:706,2b00,1218,69
53661,3be0:707,2400,1242,13
53708,3eb8:708,2be0,1298,46
53722,61d0:709,2a20,1348,14
53761,65f8:710,2240,1422,38
53864,6908:711,2240,1516,103
53955,69e8:710,2a20,1566,90
54041,6a90:711,2b00,1562,86
54043,6cf8:712,2be0,1521,1
54049,20b8:713,2160,1503,6
54097,2470:713,25c0,1489,47
54109,2518:714,2940,1452,12
54230,2828:715,2320,1526,121
54281,2ba8:716,2940,1584,50
54284,2eb8:717,2780,1617,3
54313,f278:718,2b00,1680,29
54430,f5c0:719,2160,1735,116
54450,f898:719,25c0,1794,20
54625,f9b0:720,2160,1842,174
54666,fc88:720,25c0,1815,41
54876,fd68:721,2be0,1764,209
54925,30b8:722,2a20,1607,49
54943,3400:723,2860,1455,18
54962,37b8:724,2400,1367,18
54982,3ac8:725,26a0,1369,20
54990,3c18:726,26a0,1463,7
55107,81d0:727,2860,1587,117
55157,8518:728,2a20,1662,49
55157,8860:728,2400,1722,0
55184,8908:729,2be0,1784,27
55202,8ef0:730,2860,1844,18
55206,a278:731,2780,1899,3
55230,a5c0:732,26a0,2035,24
55256,a908:733,2be0,2200,25
55787,abe0:734,25c0,2381,531
55791,af98:735,2a20,2174,3
55974,f320:736,25c0,1985,182
56172,f5f8:737,2780,1729,197
56188,f9b0:738,2240,1434,16
56323,fcf8:738,2780,1387,135
56337,fda0:739,2be0,1286,13
56341,f0f0:740,2b00,1188,4
56423,f470:741,2940,1161,81
56424,f780:742,2940,1180,1
56428,fa58:743,2400,1263,3
56470,fe10:744,24e0,1357,42
56609,8160:745,2be0,1438,138
56622,84e0:746,24e0,1494,12
56654,8828:747,2320,1546,32
56671,8b70:748,2b00,1585,16
56712,8eb8:749,2be0,1639,41
56759,8240:750,2a20,1754,46
56809,8588:751,2940,1854,49
56839,88d0:752,25c0,1947,29
56899,8c18:753,25c0,2036,60
56951,8f60:754,25c0,2115,51
57080,62e8:755,2b00,2194,128
57236,6630:756,2860,2215,156
57292,6940:757,2860,2145,55
57338,6cc0:758,2400,2080,46
57439,8048:759,2160,2021,101
57462,8358:759,25c0,1981,22
57469,8438:760,2240,1928,7
57473,8748:760,25c0,1972,4
57531,8828:761,2a20,2014,57
57553,8b70:762,2b00,2055,22
57608,8eb8:763,2780,2114,55
57680,2208:764,2860,2227,71
57898,2518:765,2320,2298,217
57947,2860:766,2320,2247,49
58383,2ba8:767,26a0,2178,435
58563,2e80:768,2780,1880,180
58572,9278:769,2400,1573,9
58585,9630:770,2940,1398,12
58611,9940:771,2940,1256,25
58708,9cc0:772,25c0,1286,97
58781,8048:773,2400,1356,72
58821,8390:774,2a20,1398,40
58857,8668:775,25c0,1428,35
58895,89e8:776,2400,1454,38
58928,8d68:777,2860,1511,32
59114,30f0:778,24e0,1592,186
59409,3390:779,2be0,1595,294
59414,3780:780,2240,1471,5
59415,3a58:780,2160,1370,0
59427,3b70:780,2be0,1276,11
59539,3c18:781,2be0,1184,112
59545,3f60:782,24e0,1072,5
59566,d2e8:783,2160,1027,21
59631,d630:784,2160,1078,64
59633,d6d8:783,2400,1113,2
59677,d780:784,2240,1141,43
59716,da90:784,25c0,1160,39
59722,db38:785,2320,1164,5
59739,de80:786,2b00,1211,17
59774,c240:787,2320,1255,34
59833,c588:788,2860,1325,58
59885,c828:789,2b00,1411,52
59974,cbe0:790,2be0,1478,88
60118,cef0:791,2a20,1510,143
60188,12b0:792,2780,1488,69
60234,1630:793,25c0,1461,46
60590,1940:794,2940,1437,355
60595,1c18:795,2320,1299,5
60634,5048:796,2940,1226,38
60824,5390:797,26a0,1169,189
60824,56d8:797,2940,1066,0
60857,5748:798,2a20,972,32
60928,5d68:799,2400,982,71
60946,30b8:800,2940,971,17
60955,32e8:801,2b00,967,9
61001,3780:802,25c0,1024,46
61100,3a90:803,2400,1079,99
61132,3dd8:804,2780,1126,31
61157,a198:805,2780,1170,25
61217,a4a8:806,2780,1209,59
61274,a828:807,2320,1243,56
61334,ab38:808,2be0,1297,59
61402,aeb8:809,2860,1341,68
61404,8208:809,2b00,1366,1
61501,8400:810,2be0,1390,96
61749,88d0:811,25c0,1397,248
61764,8be0:812,2160,1319,14
61817,8f60:812,2240,1264,52
61845,3048:813,2160,1191,27
61916,30f0:812,2b00,1137,71
62076,3198:813,25c0,1039,160
62113,34a8:814,2860,923,36
62142,37b8:815,2320,835,28
62203,3b00:816,2320,810,61
62451,3eb8:817,2160,813,248
62488,b240:817,2be0,793,36
62519,b2e8:818,25c0,764,30
62531,b588:819,2860,738,12
62548,b978:820,2400,716,17
62553,bc88:821,2b00,705,5
62574,1048:822,26a0,764,20
62604,12e8:823,25c0,831,29
62662,16d8:824,2860,899,58
62667,19e8:825,2240,958,5
62716,1c88:825,26a0,1021,48
62722,1dd8:826,2240,1070,6
62814,b198:826,2860,1127,91
62859,b240:827,2be0,1149,44
62876,b588:828,2240,1166,17
62882,b8d0:828,2780,1200,6
62908,b978:829,24e0,1232,25
62917,bcc0:830,2780,1277,8
62958,4048:831,2be0,1367,41
62973,4390:832,2400,1464,14
62984,4668:833,24e0,1573,11
62992,4a20:834,2320,1700,8
63078,4d68:835,2320,1837,85
63226,80f0:836,2a20,1954,147
63296,8438:837,24e0,1985,70
63321,8780:838,2b00,1977,24
63330,8ac8:839,2940,1958,9
63431,8e10:840,2b00,1989,101
63579,5198:841,24e0,2053,148
63726,54e0:842,2be0,2064,146
63892,5828:843,24e0,1994,165
63896,5b38:844,2320,1833,4
63898,5e80:844,2860,1737,1
63904,4198:845,2780,1645,5
63991,4320:846,2b00,1631,86
63994,4668:847,2be0,1650,3
64062,4a90:848,2400,1766,68
64103,4e48:849,2320,1848,40
64184,c208:850,2a20,1912,80
64214,c518:851,2a20,1982,30
64244,c898:852,2940,2036,29
64264,cbe0:853,26a0,2119,19
64280,ceb8:854,25c0,2222,16
64393,82b0:855,2320,2384,112
64658,85f8:856,2a20,2484,264
64790,88d0:857,2940,2392,131
65047,8c50:858,2be0,2224,257
65080,8fd0:859,2b00,1924,32
65126,1358:860,2160,1704,46
65189,15f8:861,2160,1613,63
65196,1748:860,2be0,1561,6
65239,17f0:861,2a20,1446,43
65286,1b00:862,2780,1377,46
65431,1e80:863,2860,1405,144
65441,e208:864,2860,1381,10
65502,e4e0:865,2780,1407,61
65505,e860:866,2b00,1424,2
65553,eba8:867,2be0,1463,48
65554,ef28:868,2be0,1555,1
65621,f208:869,2320,1657,67
65645,f588:870,2400,1763,23
65726,f940:871,25c0,1862,81
65732,fc50:872,25c0,1943,5
65770,ff28:873,2940,2025,38
65869,62e8:874,2940,2132,99
66024,66a0:875,2b00,2186,155
66118,69b0:876,2160,2187,93
66161,6cf8:876,25c0,2125,42
66162,6dd8:877,25c0,2037,1
66239,6048:878,2b00,1976,77
66372,64a8:879,2b00,1931,132
66414,67b8:880,2320,1901,42
66450,6a90:881,24e0,1931,36
66511,6e48:882,2240,1938,61
66582,e208:882,2160,1956,71
66846,e2b0:882,2940,1928,263
66850,e320:883,2780,1749,4
66980,e668:884,2240,1650,129
67066,e9b0:884,2b00,1515,86
67105,ea90:885,2a20,1355,39
67147,eda0:886,2160,1211,41
67233,4160:886,2240,1210,85
67244,4208:886,2be0,1175,11
67329,42b0:887,2940,1137,85
67332,45f8:888,2b00,1072,3
67366,4940:889,2160,1084,34
67405,4c50:889,2940,1098,38
67431,4d30:890,2400,1098,26
67447,3080:891,24e0,1140,15
67462,3400:892,24e0,1213,15
67489,3748:893,2be0,1286,27
67495,3a90:894,2b00,1385,6
67605,3d30:895,25c0,1503,110
67668,1160:896,24e0,1577,62
67680,1438:897,26a0,1628,12
67687,1710:898,24e0,1689,7
67874,1b38:899,2a20,1751,187
67951,1e48:900,2240,1769,76
67963,b208:900,2860,1778,11
67964,b2b0:900,2be0,1780,1
67992,b3c8:901,2a20,1782,27
68009,b940:902,2240,1775,17
68081,bc50:902,24e0,1762,72
68085,bd30:903,2320,1708,3
68086,4080:903,2be0,1760,1
68204,4198:904,2400,1813,117
68208,46a0:905,2240,1849,4
68269,4a20:905,26a0,1901,60
68279,2d68:906,2400,1915,10
68286,4e48:907,2400,1982,6
68314,b128:908,2320,2049,28
68317,b518:909,2be0,2187,3
68332,b7b8:910,2be0,2387,14
68414,bb70:911,2320,2601,82
68433,beb8:912,2b00,2758,18
68587,8240:913,2160,2935,154
68604,8550:913,2be0,2964,16
69048,85f8:914,2b00,2977,443
69158,8940:915,25c0,2614,110
69194,8c88:916,2320,2276,35
69214,2048:917,2940,1972,20
69267,2358:918,2780,1787,53
69361,26d8:919,2240,1836,93
69460,2978:919,2780,1897,98
69583,2a90:920,2320,1896,123
69712,2dd8:921,2160,1841,128
69970,0198:921,24e0,1727,257
70010,0240:922,2160,1499,39
70095,0588:922,2780,1306,85
70112,0630:923,2b00,1110,16
70133,0978:924,2be0,993,21
70248,0c50:925,2240,916,114
70362,4048:926,2240,922,114
70438,40f0:925,2860,932,75
70474,4160:926,2400,882,36
70534,44e0:927,2860,859,59
70536,4828:927,2a20,825,2
70549,4940:928,26a0,792,13
70578,4eb8:929,2be0,762,29
70673,b240:930,26a0,804,94
70683,b550:931,2a20,832,9
70717,b8d0:932,2320,876,34
70726,bc18:933,2860,916,9
70778,bf60:934,2240,964,51
70885,c2b0:934,2160,1031,107
70893,c358:934,24e0,1062,8
70927,c400:935,2b00,1090,33
70949,c780:936,2400,1110,21
70969,ca58:937,2240,1135,20
71019,ce10:937,2a20,1157,49
71069,ceb8:938,26a0,1159,50
71098,0208:939,2400,1208,28
71105,0550:940,2860,1262,6
71136,08d0:941,2320,1325,31
71270,0be0:942,25c0,1410,133
71272,0ef0:943,2860,1458,2
71315,f160:944,2780,1521,42
71324,f518:945,2780,1567,8
71422,f860:946,2400,1627,97
71590,fb38:947,2be0,1711,168
71637,ff28:948,2940,1700,47
71641,9240:949,2be0,1687,3
71739,9588:950,2be0,1677,98
71777,2cf8:951,2860,1667,37
71825,9ba8:952,25c0,1732,48
71847,9f28:953,2160,1799,22
71854,e2e8:953,24e0,1856,6
71890,e3c8:954,2400,1911,36
72035,e748:955,2240,2011,145
72168,ea90:955,2be0,2039,133
72463,eb00:956,2940,1978,294
72759,ee80:957,2a20,1777,296
72797,41d0:958,26a0,1478,37
72817,44e0:959,2780,1229,19
72837,47f0:960,2a20,1101,20
72939,4be0:961,2be0,1074,101
72947,4ef0:962,2400,1118,8
73030,7278:963,2240,1176,83
73064,75f8:963,2940,1210,33
73064,7668:963,2be0,1231,0
73099,7748:964,24e0,1253,34
73176,7d30:965,2400,1269,77
73307,a080:966,2780,1296,130
73377,a3c8:967,25c0,1270,70
73378,a748:967,2be0,1264,0
73435,a7b8:968,2b00,1258,57
73496,add8:969,2160,1242,60
73517,d160:969,2320,1233,21
73545,d208:970,26a0,1216,27
73580,d550:971,26a0,1241,34
73584,d7f0:972,26a0,1282,4
73594,dba8:973,2a20,1350,9
73603,de80:974,2240,1458,9
73832,62b0:974,2160,1585,228
73998,6320:974,2b00,1591,165
73999,63c8:975,26a0,1513,1
74046,6630:976,2400,1455,46
74120,6a58:977,25c0,1380,74
74184,6d68:978,2780,1283,63
74214,10f0:979,2860,1333,30
74221,1438:980,24e0,1372,7
74229,17b8:981,2160,1431,7
74237,1ac8:981,2a20,1528,8
74288,1ba8:982,2940,1627,51
74350,1eb8:983,2860,1740,61
74354,b240:984,25c0,1840,3
74418,b588:985,24e0,1948,64
74536,b908:986,2b00,2028,117
74772,bc18:987,2320,2064,236
74835,bf98:988,2320,1983,62
74969,22e8:989,2b00,1870,133
75001,2668:990,2780,1726,32
75201,29b0:991,25c0,1635,200
75204,2cf8:992,2860,1567,3
75211,c048:993,2b00,1531,6
75259,9908:994,26a0,1560,48
75273,c668:995,2240,1582,13
75291,ca58:995,2860,1712,18
75313,cac8:996,26a0,1840,21
75415,cd68:997,2b00,1965,101
75580,b1d0:998,2860,2030,165
75690,b4e0:999,26a0,2015,109
75708,b860:1000,2160,1950,17
75731,bba8:1000,2940,1889,22
75887,bc18:1001,24e0,1817,156
76156,bf98:1002,2240,1718,268
76352,c2e8:1002,26a0,1573,195
76360,c3c8:1003,2160,1359,8
76382,c6a0:1003,2780,1209,21
76403,c7b8:1004,2400,1069,20
76405,cb00:1005,24e0,951,2
76468,ccc0:1006,26a0,886,62
76486,a0f0:1007,2be0,943,18
76610,a438:1008,2160,1008,124
76671,a7b8:1008,2400,1039,60
76725,a860:1009,24e0,1050,54
76778,ab70:1010,2160,1042,52
76779,aeb8:1010,2860,1038,1
76860,af98:1011,2780,1034,81
76868,f2b0:1012,2160,1009,7
76870,f6a0:1012,2860,1044,1
76882,f710:1013,2240,1080,12
76920,fa20:1013,24e0,1134,37
76945,fb00:1014,26a0,1175,25
77029,fe10:1015,2be0,1229,84
77058,d208:1016,2b00,1284,28
77069,d518:1017,26a0,1333,11
77192,d898:1018,2160,1403,122
77259,db70:1018,2a20,1428,67
77276,dc88:1019,2a20,1421,17
77289,df28:1020,2320,1446,13
77304,7358:1021,2240,1479,14
77341,75f8:1021,2780,1511,37
77517,7748:1022,25c0,1525,175
77553,7a58:1023,2400,1546,35
77572,7dd8:1024,2940,1558,19
77735,6128:1025,2320,1567,163
77770,64a8:1026,2400,1519,34
77942,67f0:1027,2780,1543,172
77962,6a90:1028,2320,1498,19
77990,6e80:1029,2400,1454,28
78013,61d0:1030,2be0,1476,22
78023,6518:1031,2780,1504,9
78026,6828:1032,2320,1622,3
78147,6ba8:1033,2860,1760,121
78244,6f28:1034,24e0,1848,96
78332,0208:1035,2780,1891,88
78392,05f8:1036,24e0,1885,60
78408,0908:1037,2860,1844,16
78464,0ba8:1038,2320,1868,55
78523,0fd0:1039,2940,1919,59
78556,c3c8:1040,2be0,1991,33
78603,a6a0:1041,2860,2085,47
78660,a9e8:1042,2400,2160,56
78776,ad30:1043,2160,2237,116
79005,00b8:1043,2780,2272,228
79252,0160:1044,25c0,2142,247
79260,04a8:1045,25c0,1892,8
79318,07f0:1046,2160,1690,57
79438,0ac8:1046,24e0,1509,119
79447,0be0:1047,24e0,1301,9
79498,0e48:1048,2be0,1242,51
79503,92b0:1049,25c0,1264,4
79529,95f8:1050,2160,1288,26
79532,9940:1050,2780,1384,2
79542,99b0:1051,2240,1485,9
79575,9c50:1051,2400,1593,33
79842,9dd8:1052,2940,1689,266
79845,5160:1053,26a0,1664,3
79894,54a8:1054,2320,1640,48
79909,57b8:1055,2240,1607,15
79953,5b38:1056,2240,1588,43
