num of nodes,num of hiders,sim time,real duration,num of creations,average creation time,calibrated average,num of transmissions,average transmission time,height,%orphans,non-orphan time
190,1,500000,0:00:14.541436,182,54.94505494505494,54724,30218,0.3309285856112251,127,30,78740.15748031496
190,1,500000,0:00:14.194576,166,60.24096385542169,60170,27411,0.3648170442523075,126,24,79365.07936507936
190,1,500000,0:00:14.474534,170,58.8235294117647,58725,28183,0.35482382996842066,125,26,80000.0
190,2,500000,0:00:14.283609,170,58.8235294117647,57172,26853,0.3723978698841843,122,28,81967.2131147541
190,2,500000,0:00:14.099404,156,64.1025641025641,62633,25697,0.3891504844923532,119,24,84033.61344537816
190,3,500000,0:00:14.085840,163,61.34969325153374,61035,26251,0.38093786903356064,118,28,84745.7627118644
190,4,500000,0:00:13.278933,145,68.96551724137932,68466,22260,0.44923629829290207,100,31,100000.0
190,6,500000,0:00:14.236904,172,58.13953488372093,57756,26791,0.3732596767571199,121,30,82644.62809917355
190,8,500000,0:00:13.472122,148,67.56756756756756,67225,22959,0.43555904002787577,103,30,97087.3786407767
190,10,500000,0:00:14.524826,175,57.142857142857146,56370,28423,0.3518277451359814,128,27,78125.0
190,13,500000,0:00:13.885948,159,62.893081761006286,62198,25217,0.396557877622239,116,27,86206.89655172414
190,17,500000,0:00:14.401570,181,55.248618784530386,54672,27398,0.3649901452660778,118,35,84745.7627118644
190,23,500000,0:00:13.908815,171,58.47953216374269,57577,25924,0.38574294090418143,116,32,86206.89655172414
190,30,500000,0:00:13.643907,165,60.60606060606061,60423,24323,0.4111334950458414,113,32,88495.57522123893
190,39,500000,0:00:13.398620,182,54.94505494505494,54673,23947,0.41758884202614105,101,45,99009.900990099
190,51,500000,0:00:13.667461,178,56.17977528089887,55276,24149,0.4140958217731583,110,38,90909.09090909091
190,66,500000,0:00:12.465697,168,59.523809523809526,57791,18014,0.5551237926057511,78,54,128205.1282051282
190,86,500000,0:00:12.459184,180,55.55555555555556,55151,17722,0.5642703983749012,78,57,128205.1282051282
190,112,500000,0:00:11.828197,169,59.171597633136095,58624,12672,0.7891414141414141,57,66,175438.59649122806
190,146,500000,0:00:11.359444,161,62.11180124223603,60933,8309,1.2035142616440004,38,76,263157.8947368421
