num of nodes,num of hiders,sim time,real duration,num of creations,average creation time,calibrated average,num of transmissions,average transmission time,height,%orphans,non-orphan time
13,1,2000000,0:00:58.905983,1164,68.72852233676976,68,12872,6.215040397762586,1049,0.09879725085910653,76
13,1,2000000,0:01:00.143134,1177,67.96941376380629,67,12998,6.154793045083859,1063,0.09685641461342395,75
13,1,2000000,0:00:58.582130,1149,69.62576153176676,69,12867,6.217455506334033,1052,0.08442123585726719,76
13,2,2000000,0:01:00.447849,1268,63.09148264984227,63,12896,6.20347394540943,1051,0.17113564668769715,76
13,2,2000000,0:00:57.003246,1265,63.241106719367586,63,12993,6.15716154852613,1056,0.16521739130434782,75
13,3,2000000,0:00:57.519631,1393,57.4300071787509,57,12977,6.164753024581953,1046,0.24910265613783203,76
13,4,2000000,0:00:56.397104,1497,53.440213760855045,53,12510,6.394884092725819,1022,0.31730126920507684,78
13,6,2000000,0:01:01.044277,2034,39.33136676499508,39,12775,6.262230919765166,1032,0.49262536873156343,77
13,8,2000000,0:00:56.521060,2800,28.571428571428573,28,12310,6.498781478472786,1004,0.6414285714285715,79
13,10,2000000,0:00:55.685668,4375,18.285714285714285,18,12047,6.640657425085084,989,0.7739428571428572,80
