num of nodes,num of hiders,sim time,real duration,num of creations,average creation time,calibrated average,num of transmissions,average transmission time
1048576,1,500000,0:00:12.120361,175,57.142857142857146,56695,48,208.33333333333334
1048576,2,500000,0:00:12.225159,159,62.893081761006286,61756,58,172.41379310344828
1048576,4,500000,0:00:12.249619,149,67.11409395973155,66712,41,243.90243902439025
1048576,8,500000,0:00:12.261563,164,60.97560975609756,60358,42,238.0952380952381
1048576,16,500000,0:00:12.167120,154,64.93506493506493,64546,33,303.030303030303
1048576,32,500000,0:00:12.281455,162,61.72839506172839,61701,48,208.33333333333334
1048576,64,500000,0:00:12.214979,176,56.81818181818182,56539,47,212.7659574468085
1048576,128,500000,0:00:12.309648,149,67.11409395973155,65916,37,270.27027027027026
1048576,256,500000,0:00:12.213591,186,53.763440860215056,53128,52,192.30769230769232
1048576,512,500000,0:00:12.416902,182,54.94505494505494,54719,57,175.43859649122808
1048576,1024,500000,0:00:12.251168,153,65.359477124183,64424,45,222.22222222222223
1048576,2048,500000,0:00:12.237943,159,62.893081761006286,62004,73,136.986301369863
1048576,4096,500000,0:00:12.274377,200,50.0,49720,59,169.4915254237288
1048576,8192,500000,0:00:12.342630,184,54.34782608695652,53844,59,169.4915254237288
1048576,16384,500000,0:00:12.322243,153,65.359477124183,63940,50,200.0
1048576,32768,500000,0:00:12.205879,162,61.72839506172839,60582,37,270.27027027027026
1048576,65536,500000,0:00:12.257197,158,63.29113924050633,63053,33,303.030303030303
1048576,131072,500000,0:00:12.221377,180,55.55555555555556,55261,44,227.27272727272728
1048576,262144,500000,0:00:12.057866,182,54.94505494505494,54565,33,303.030303030303
1048576,524288,500000,0:00:11.899919,175,57.142857142857146,56489,17,588.2352941176471
