time,block,height,sender,receiver
2,d61f,1,0358,6668
163,6113,2,0358,6668
271,c740,3,0358,6668
367,d37b,4,0358,6668
393,415b,5,0358,6668
658,15bd,6,0358,6668
678,55e7,7,0358,6668
679,9889,8,0358,6668
726,6fda,9,0358,6668
755,d18d,10,0358,6668
766,5597,11,0358,6668
778,a579,12,0358,6668
779,b9e9,13,0358,6668
807,1500,14,0358,6668
1144,61df,15,0358,6668
1191,1601,16,0358,6668
1200,8416,17,0358,6668
1620,3c08,18,0358,6668
1622,0560,19,0358,6668
1684,91a1,20,0358,6668
1753,73c8,21,0358,6668
1801,06de,22,0358,6668
1802,3bfe,23,0358,6668
1827,9b9a,24,0358,6668
1924,6afb,25,0358,6668
1981,30d9,26,0358,6668
2014,9e98,27,0358,6668
2083,4bee,28,0358,6668
2196,c5f1,29,0358,6668
2246,1b47,30,0358,6668
2565,b263,31,0358,6668
2626,8a48,32,0358,6668
2647,abe1,33,0358,6668
3076,7af5,34,0358,6668
3513,0321,35,0358,6668
3594,62e9,36,0358,6668
3615,4935,37,0358,6668
3673,e360,38,0358,6668
3838,8c34,39,0358,6668
3856,caa3,40,0358,6668
3867,e670,41,0358,6668
3901,d352,42,0358,6668
3920,760f,43,0358,6668
4232,b8b8,44,0358,6668
4267,7d36,45,0358,6668
4438,3c9d,46,0358,6668
4788,e9ac,47,0358,6668
5110,f0e6,48,0358,6668
5216,9fc1,49,0358,6668
5286,d040,50,0358,6668
5454,a08a,51,0358,6668
5472,9b3a,52,0358,6668
5484,08f4,53,0358,6668
5814,0c99,54,0358,6668
5916,eb89,55,0358,6668
5962,b5c7,56,0358,6668
6338,f2bb,57,0358,6668
6461,49a1,58,0358,6668
6467,8b38,59,0358,6668
6563,69d3,60,0358,6668
6634,9381,61,0358,6668
6694,c46c,62,0358,6668
6716,e06e,63,0358,6668
6744,53dd,64,0358,6668
6759,6a0c,65,0358,6668
6785,f4b2,66,0358,6668
6879,9573,67,0358,6668
6939,ec8e,68,0358,6668
6974,338e,69,0358,6668
7005,2945,70,0358,6668
7070,468c,71,0358,6668
7077,54a7,72,0358,6668
7132,e2a5,73,0358,6668
7136,2fd4,74,0358,6668
7176,ec19,75,0358,6668
7183,4546,76,0358,6668
7201,a57a,77,0358,6668
7216,51ca,78,0358,6668
7303,01cf,79,0358,6668
7325,f5b4,80,0358,6668
7427,7470,81,0358,6668
7454,3e4d,82,0358,6668
7486,0ae5,83,0358,6668
7502,bdca,84,0358,6668
7525,1a8b,85,0358,6668
7533,40e6,86,0358,6668
7584,798a,87,0358,6668
7635,b58f,88,0358,6668
7665,84d0,89,0358,6668
7683,faba,90,0358,6668
7724,c507,91,0358,6668
7793,0b80,92,0358,6668
7863,4568,93,0358,6668
7863,2f7b,94,0358,6668
7880,7b0a,95,0358,6668
7888,6907,96,0358,6668
7900,6de4,97,0358,6668
7972,df96,98,0358,6668
7985,7d29,99,0358,6668
8002,0dbb,100,0358,6668
8007,7e99,101,0358,6668
8030,f4ca,102,0358,6668
8085,fa00,103,0358,6668
8098,c993,104,0358,6668
8121,f93c,105,0358,6668
8142,79cc,106,0358,6668
8152,0b08,107,0358,6668
8171,6abd,108,0358,6668
8208,eec3,109,0358,6668
8273,9c4b,110,0358,6668
8433,fe8f,111,0358,6668
8502,87bb,112,0358,6668
8581,ca39,113,0358,6668
8657,fc9a,114,0358,6668
8685,4b33,115,0358,6668
8712,31c2,116,0358,6668
8749,6426,117,0358,6668
8834,a9da,118,0358,6668
8907,4363,119,0358,6668
8907,e83f,120,0358,6668
9058,5f95,121,0358,6668
9070,6d0d,122,0358,6668
9130,0392,123,0358,6668
9197,280d,124,0358,6668
9304,411e,125,0358,6668
9374,8fea,126,0358,6668
9443,6277,127,0358,6668
9523,b1c2,128,0358,6668
9550,2c6f,129,0358,6668
9631,5c7e,130,0358,6668
9716,3b86,131,0358,6668
9759,b22c,132,0358,6668
9767,20ff,133,0358,6668
9798,99fd,134,0358,6668
9951,50f8,135,0358,6668
9994,08ea,136,0358,6668
10107,9b84,137,0358,6668
10199,37b5,138,0358,6668
10212,a7e6,139,0358,6668
10296,f915,140,0358,6668
10415,f1d9,141,0358,6668
10499,102b,142,0358,6668
10565,2ecc,143,0358,6668
10707,f784,144,0358,6668
10930,3039,145,0358,6668
11186,8110,146,0358,6668
11295,1044,147,0358,6668
11331,9725,148,0358,6668
11363,4172,149,0358,6668
11396,57c3,150,0358,6668
11451,9ea1,151,0358,6668
11470,c8ba,152,0358,6668
11497,6d32,153,0358,6668
11514,0584,154,0358,6668
11529,12e5,155,0358,6668
11756,6942,156,0358,6668
11799,2d1e,157,0358,6668
11856,4047,158,0358,6668
11899,e28a,159,0358,6668
11919,d179,160,0358,6668
11962,2e6f,161,0358,6668
12288,23e1,162,0358,6668
12301,4b1b,163,0358,6668
12308,76d1,164,0358,6668
12349,f15b,165,0358,6668
12650,5417,166,0358,6668
12717,cfb4,167,0358,6668
12848,d6a9,168,0358,6668
12856,1258,169,0358,6668
12868,2f94,170,0358,6668
12986,e478,171,0358,6668
13092,1beb,172,0358,6668
13112,098a,173,0358,6668
13125,3b1e,174,0358,6668
13163,808c,175,0358,6668
13168,7d22,176,0358,6668
13256,8675,177,0358,6668
13260,847f,178,0358,6668
13357,4485,179,0358,6668
13442,868d,180,0358,6668
13445,0d03,181,0358,6668
13479,8d1b,182,0358,6668
13482,3f9f,183,0358,6668
13491,a79c,184,0358,6668
13504,26e0,185,0358,6668
13515,f48b,186,0358,6668
13527,5aec,187,0358,6668
13601,5bfc,188,0358,6668
13615,97ef,189,0358,6668
13670,67dd,190,0358,6668
13682,c9cb,191,0358,6668
13739,3a57,192,0358,6668
13770,78e9,193,0358,6668
13833,e587,194,0358,6668
13907,95f0,195,0358,6668
13985,25fe,196,0358,6668
13989,705f,197,0358,6668
14027,1d51,198,0358,6668
14048,6772,199,0358,6668
14082,74ef,200,0358,6668
14082,7189,201,0358,6668
14083,23ee,202,0358,6668
14103,5ac9,203,0358,6668
14109,b22e,204,0358,6668
14190,f8a4,205,0358,6668
14257,35e7,206,0358,6668
14274,51f9,207,0358,6668
14485,c38e,208,0358,6668
14554,0012,209,0358,6668
14643,e2f0,210,0358,6668
14806,b386,211,0358,6668
14808,1d9b,212,0358,6668
14817,3d8e,213,0358,6668
14849,d531,214,0358,6668
14849,646f,215,0358,6668
14887,57a3,216,0358,6668
14916,b67b,217,0358,6668
14925,b920,218,0358,6668
14950,6b1d,219,0358,6668
14958,b7a6,220,0358,6668
14958,2579,221,0358,6668
14969,f850,222,0358,6668
15001,ee39,223,0358,6668
15037,623e,224,0358,6668
15239,e8d5,225,0358,6668
15261,1039,226,0358,6668
15270,a3ff,227,0358,6668
15291,e414,228,0358,6668
15361,7edf,229,0358,6668
15422,fdc8,230,0358,6668
15605,46ab,231,0358,6668
15624,b4ce,232,0358,6668
15874,1048,233,0358,6668
15999,06fb,234,0358,6668
16026,4ac2,235,0358,6668
16053,f5c0,236,0358,6668
16059,c156,237,0358,6668
16062,ed9a,238,0358,6668
16155,ee0c,239,0358,6668
16208,e93d,240,0358,6668
16425,74fc,241,0358,6668
16457,462d,242,0358,6668
16550,08ab,243,0358,6668
16552,9ea6,244,0358,6668
16582,31ac,245,0358,6668
16642,0faf,246,0358,6668
16674,c6c1,247,0358,6668
17071,8ecc,248,0358,6668
17142,fd92,249,0358,6668
17177,6b6d,250,0358,6668
17309,00f0,251,0358,6668
17416,79e3,252,0358,6668
17432,1608,253,0358,6668
17604,07ef,254,0358,6668
17711,d016,255,0358,6668
17761,d70d,256,0358,6668
17810,8012,257,0358,6668
17907,07e2,258,0358,6668
18064,3d8a,259,0358,6668
18137,66c5,260,0358,6668
18232,b56b,261,0358,6668
18241,7898,262,0358,6668
18295,939c,263,0358,6668
18543,674a,264,0358,6668
18581,0b26,265,0358,6668
18616,3a04,266,0358,6668
18628,9f7f,267,0358,6668
18660,4961,268,0358,6668
18675,5adb,269,0358,6668
18712,14bf,270,0358,6668
18734,75ec,271,0358,6668
18741,c80b,272,0358,6668
18746,c909,273,0358,6668
18771,62f9,274,0358,6668
18840,f63d,275,0358,6668
18991,d862,276,0358,6668
18998,9beb,277,0358,6668
19015,d16c,278,0358,6668
19066,5a82,279,0358,6668
19215,f27e,280,0358,6668
19229,e027,281,0358,6668
19320,a0a4,282,0358,6668
19366,0fe3,283,0358,6668
19447,70bd,284,0358,6668
19459,08a7,285,0358,6668
19553,1f7b,286,0358,6668
19555,74c0,287,0358,6668
19610,ece1,288,0358,6668
19615,9844,289,0358,6668
19634,d732,290,0358,6668
19889,6be4,291,0358,6668
19934,ee0a,292,0358,6668
20107,2f3f,293,0358,6668
20215,cb7e,294,0358,6668
20324,66fe,295,0358,6668
20342,1946,296,0358,6668
20364,6346,297,0358,6668
20486,b55b,298,0358,6668
20501,2148,299,0358,6668
20559,2c73,300,0358,6668
20627,edc7,301,0358,6668
20676,74c4,302,0358,6668
20694,504f,303,0358,6668
20701,c0d7,304,0358,6668
20709,ef5f,305,0358,6668
20728,060a,306,0358,6668
20740,9c30,307,0358,6668
20772,de3c,308,0358,6668
20843,d1e7,309,0358,6668
20884,319d,310,0358,6668
20922,a3da,311,0358,6668
20973,3420,312,0358,6668
21022,5dcf,313,0358,6668
21071,1299,314,0358,6668
21099,6187,315,0358,6668
21110,e0ab,316,0358,6668
21148,5677,317,0358,6668
21236,77df,318,0358,6668
21244,a967,319,0358,6668
21282,f9ec,320,0358,6668
21292,7f21,321,0358,6668
21367,9720,322,0358,6668
21559,f574,323,0358,6668
21568,3eb3,324,0358,6668
21672,a7de,325,0358,6668
21677,ac26,326,0358,6668
21748,4c9b,327,0358,6668
21782,5b5e,328,0358,6668
22066,1888,329,0358,6668
22074,fb3a,330,0358,6668
22080,009b,331,0358,6668
22088,b1a4,332,0358,6668
22096,887a,333,0358,6668
22108,2c39,334,0358,6668
22137,4a5d,335,0358,6668
22241,e9ed,336,0358,6668
22338,2305,337,0358,6668
22477,f510,338,0358,6668
22528,35b7,339,0358,6668
22534,49ff,340,0358,6668
22668,81d9,341,0358,6668
22711,d82d,342,0358,6668
22769,0930,343,0358,6668
23024,30a7,344,0358,6668
23027,2cd5,345,0358,6668
23066,0977,346,0358,6668
23114,119f,347,0358,6668
23180,4c11,348,0358,6668
23199,0599,349,0358,6668
23300,6911,350,0358,6668
23379,970b,351,0358,6668
23494,32fe,352,0358,6668
23536,7486,353,0358,6668
23555,bb5d,354,0358,6668
23615,128e,355,0358,6668
23696,4622,356,0358,6668
23706,aec8,357,0358,6668
23824,af7f,358,0358,6668
23843,f4d9,359,0358,6668
23894,7f26,360,0358,6668
23907,3d01,361,0358,6668
24000,6e62,362,0358,6668
24010,66c6,363,0358,6668
24044,d014,364,0358,6668
24068,cd25,365,0358,6668
24111,6d60,366,0358,6668
24124,9b5e,367,0358,6668
24219,f520,368,0358,6668
24428,8b65,369,0358,6668
24474,d901,370,0358,6668
24486,242f,371,0358,6668
24510,c56f,372,0358,6668
24548,e29b,373,0358,6668
24583,fbaf,374,0358,6668
24596,3ac6,375,0358,6668
24681,8055,376,0358,6668
24728,0bae,377,0358,6668
24755,3df7,378,0358,6668
24794,ca65,379,0358,6668
24848,2455,380,0358,6668
24877,8e15,381,0358,6668
24881,6c01,382,0358,6668
24953,1860,383,0358,6668
24998,06e2,384,0358,6668
25073,7f79,385,0358,6668
25153,e9c6,386,0358,6668
25181,714b,387,0358,6668
25238,9cb5,388,0358,6668
25336,a653,389,0358,6668
25452,5bf3,390,0358,6668
25555,ba9b,391,0358,6668
25788,e82e,392,0358,6668
25835,19dd,393,0358,6668
25862,86be,394,0358,6668
25875,6e1b,395,0358,6668
25892,d673,396,0358,6668
25937,d059,397,0358,6668
25956,ff7c,398,0358,6668
25982,3778,399,0358,6668
25993,7caf,400,0358,6668
26020,d8d0,401,0358,6668
26045,f057,402,0358,6668
26153,c111,403,0358,6668
26251,a398,404,0358,6668
26293,657c,405,0358,6668
26304,3663,406,0358,6668
26360,398f,407,0358,6668
26450,5fa0,408,0358,6668
26491,5de3,409,0358,6668
26520,0373,410,0358,6668
26542,8293,411,0358,6668
26637,8b6a,412,0358,6668
26797,4555,413,0358,6668
26800,e7c3,414,0358,6668
26816,92a8,415,0358,6668
26884,15a2,416,0358,6668
26893,9b64,417,0358,6668
26956,e051,418,0358,6668
27031,ed54,419,0358,6668
27062,cd12,420,0358,6668
27070,0478,421,0358,6668
27125,a1a9,422,0358,6668
27232,f098,423,0358,6668
27283,7ecf,424,0358,6668
27285,8f9e,425,0358,6668
27299,1bd6,426,0358,6668
27491,2e9c,427,0358,6668
27511,e24b,428,0358,6668
27527,9a20,429,0358,6668
27557,52d7,430,0358,6668
27610,636e,431,0358,6668
27886,efd4,432,0358,6668
27900,e65e,433,0358,6668
27963,3181,434,0358,6668
28044,5f5d,435,0358,6668
28341,c2a8,436,0358,6668
28429,b50e,437,0358,6668
28469,67de,438,0358,6668
28508,76ec,439,0358,6668
28553,d998,440,0358,6668
28713,13d5,441,0358,6668
28715,dada,442,0358,6668
28948,8f04,443,0358,6668
28972,c230,444,0358,6668
29033,52fe,445,0358,6668
29208,992c,446,0358,6668
29417,e9e0,447,0358,6668
29513,d7df,448,0358,6668
29534,af1b,449,0358,6668
29581,bf1b,450,0358,6668
29720,e0dd,451,0358,6668
29732,f64c,452,0358,6668
29766,58c4,453,0358,6668
29820,ef07,454,0358,6668
29933,8b85,455,0358,6668
29962,64d3,456,0358,6668
30050,476b,457,0358,6668
30239,c0f2,458,0358,6668
30266,1b5d,459,0358,6668
30281,e0fe,460,0358,6668
30294,f267,461,0358,6668
30402,f9e3,462,0358,6668
30455,53c2,463,0358,6668
30468,f93f,464,0358,6668
30502,479c,465,0358,6668
30611,a0ed,466,0358,6668
30633,6be8,467,0358,6668
30657,abb9,468,0358,6668
30658,be1f,469,0358,6668
30764,6d60,470,0358,6668
30974,6a44,471,0358,6668
31000,e3fd,473,0358,6668
31017,32f1,474,0358,6668
31059,225c,475,0358,6668
31065,8e1b,476,0358,6668
31094,164d,477,0358,6668
31150,89da,478,0358,6668
31268,8bb0,479,0358,6668
31317,7d52,480,0358,6668
31436,7865,481,0358,6668
31470,704c,482,0358,6668
31471,de4f,483,0358,6668
31483,8190,484,0358,6668
31569,1ca4,485,0358,6668
31580,3897,486,0358,6668
31663,e331,487,0358,6668
31672,eea6,488,0358,6668
31711,d3a6,489,0358,6668
31713,2758,490,0358,6668
31770,97a4,491,0358,6668
31848,9f6c,492,0358,6668
31871,4b71,493,0358,6668
31963,bac3,494,0358,6668
31964,b1ac,495,0358,6668
32018,76a0,496,0358,6668
32060,6d7f,497,0358,6668
32090,4da4,498,0358,6668
32112,6a83,499,0358,6668
32209,3990,500,0358,6668
32210,b28e,501,0358,6668
32293,8d07,502,0358,6668
32306,437d,503,0358,6668
32337,7562,504,0358,6668
32357,54c0,505,0358,6668
32369,68f2,506,0358,6668
32413,9368,507,0358,6668
32417,6395,508,0358,6668
32422,d8f1,509,0358,6668
32521,00bb,510,0358,6668
32585,9497,511,0358,6668
32672,4f9c,512,0358,6668
32715,9950,513,0358,6668
32729,16ba,514,0358,6668
32754,35a2,515,0358,6668
32833,88c4,517,0358,6668
32845,858e,518,0358,6668
32913,63dd,519,0358,6668
32997,dec9,520,0358,6668
33058,c382,521,0358,6668
33135,7f47,522,0358,6668
33152,08fd,523,0358,6668
33255,6c06,524,0358,6668
33327,ca2e,525,0358,6668
33337,e4e6,526,0358,6668
33378,e386,527,0358,6668
33454,d211,528,0358,6668
33560,5867,529,0358,6668
33590,c49c,530,0358,6668
33688,9bc7,531,0358,6668
33890,ef3f,532,0358,6668
33989,8107,533,0358,6668
34014,3985,534,0358,6668
34106,0dac,535,0358,6668
34121,8b58,536,0358,6668
34128,2d2e,537,0358,6668
34155,2bed,538,0358,6668
34184,20e2,539,0358,6668
34253,412f,540,0358,6668
34332,5280,541,0358,6668
34360,6598,542,0358,6668
34688,bc6d,543,0358,6668
34877,cb71,544,0358,6668
34917,ba75,545,0358,6668
35009,03cb,546,0358,6668
35011,f46a,547,0358,6668
35126,13d9,548,0358,6668
35157,e394,549,0358,6668
35183,3616,550,0358,6668
35220,8d32,551,0358,6668
35393,80df,552,0358,6668
35461,f11c,553,0358,6668
35736,17b9,554,0358,6668
35746,8532,555,0358,6668
35924,ceb7,556,0358,6668
35979,5b89,557,0358,6668
36164,289f,558,0358,6668
36180,aeb7,559,0358,6668
36225,828c,560,0358,6668
36250,0a01,561,0358,6668
36267,7a7c,562,0358,6668
36297,5713,563,0358,6668
36305,d83f,564,0358,6668
36321,d389,565,0358,6668
36337,cd54,567,0358,6668
36344,dc84,568,0358,6668
36462,ef64,569,0358,6668
36567,a818,570,0358,6668
36603,5bb7,571,0358,6668
36623,7501,572,0358,6668
36629,eb0b,573,0358,6668
36640,73af,574,0358,6668
36695,fbd6,575,0358,6668
36697,ea8e,576,0358,6668
36728,039a,577,0358,6668
36732,fa5b,578,0358,6668
36738,a32f,579,0358,6668
36875,3689,580,0358,6668
36901,7de8,581,0358,6668
36982,0a68,582,0358,6668
37059,32d7,583,0358,6668
37082,0f90,584,0358,6668
37306,b0ba,585,0358,6668
37347,97df,586,0358,6668
37530,1688,587,0358,6668
37565,d817,588,0358,6668
37593,34e4,589,0358,6668
37600,3e2b,590,0358,6668
37639,3067,591,0358,6668
37668,d200,592,0358,6668
37701,a684,593,0358,6668
37716,645f,594,0358,6668
37717,557b,595,0358,6668
37787,05e0,596,0358,6668
37795,bd08,597,0358,6668
37804,05a3,598,0358,6668
37886,cea0,599,0358,6668
37908,22e8,600,0358,6668
38033,c1e5,601,0358,6668
38219,89d8,602,0358,6668
38243,9d51,603,0358,6668
38286,273d,604,0358,6668
38316,3f45,605,0358,6668
38568,b0bd,606,0358,6668
38574,f5eb,607,0358,6668
38692,0eac,608,0358,6668
38735,41bb,609,0358,6668
38861,9dee,610,0358,6668
38868,92b4,611,0358,6668
38958,6578,612,0358,6668
39058,2d6c,613,0358,6668
39082,b9e6,614,0358,6668
39174,1bbc,615,0358,6668
39203,20f5,616,0358,6668
39227,361c,617,0358,6668
39290,a5af,618,0358,6668
39434,8403,619,0358,6668
39466,463a,620,0358,6668
39520,8c35,621,0358,6668
39603,7997,622,0358,6668
39632,9915,623,0358,6668
39636,e60c,624,0358,6668
39663,4c15,625,0358,6668
39714,743a,626,0358,6668
39715,e191,627,0358,6668
39752,0a12,628,0358,6668
39812,0eac,629,0358,6668
39856,e431,630,0358,6668
39900,bd94,631,0358,6668
39905,52ed,632,0358,6668
39927,c6aa,633,0358,6668
39975,18db,634,0358,6668
39982,0edd,635,0358,6668
40023,2af5,636,0358,6668
40041,dee4,637,0358,6668
40250,a5d3,638,0358,6668
40251,aa76,639,0358,6668
40307,c5af,640,0358,6668
40326,5f22,641,0358,6668
40335,45fc,642,0358,6668
40430,505c,643,0358,6668
40435,affb,644,0358,6668
40560,9f48,645,0358,6668
40578,6b3b,646,0358,6668
40590,d5cc,647,0358,6668
40630,1f28,648,0358,6668
40647,f598,649,0358,6668
40649,1c1f,650,0358,6668
40667,d6e7,651,0358,6668
40974,6963,652,0358,6668
41041,9a2f,653,0358,6668
41099,eeb0,654,0358,6668
41199,0699,655,0358,6668
41234,ee35,656,0358,6668
41267,935c,657,0358,6668
41267,b9af,658,0358,6668
41305,2ee6,659,0358,6668
41328,82f0,660,0358,6668
41419,ab1e,661,0358,6668
41467,83b2,662,0358,6668
41472,c1b2,663,0358,6668
41506,cb2c,664,0358,6668
41576,4a02,665,0358,6668
41642,749d,666,0358,6668
41756,73bb,667,0358,6668
41801,4e55,668,0358,6668
41918,ba12,669,0358,6668
41941,66cd,670,0358,6668
41988,9ca1,671,0358,6668
42173,03f9,672,0358,6668
42257,d13e,673,0358,6668
42286,1e0c,674,0358,6668
42291,8c7b,675,0358,6668
42449,dce1,676,0358,6668
42454,be4b,677,0358,6668
42511,1e9f,678,0358,6668
42548,d607,679,0358,6668
42562,f9a8,680,0358,6668
42709,a311,681,0358,6668
42728,6350,682,0358,6668
42736,9e2c,683,0358,6668
42770,da65,684,0358,6668
42789,b74b,685,0358,6668
42800,dcf0,686,0358,6668
42839,3d68,687,0358,6668
42852,202a,688,0358,6668
42934,3bec,689,0358,6668
42989,1b37,690,0358,6668
43054,6384,691,0358,6668
43063,f1c7,692,0358,6668
43099,1211,693,0358,6668
43278,16f4,694,0358,6668
43298,1621,695,0358,6668
43321,c378,696,0358,6668
43386,b3b5,697,0358,6668
43469,10a8,698,0358,6668
43590,aad7,699,0358,6668
43602,5561,700,0358,6668
43676,1e2f,701,0358,6668
43729,7694,702,0358,6668
44127,ac8b,703,0358,6668
44220,f30c,704,0358,6668
44235,c368,705,0358,6668
44379,4fd4,706,0358,6668
44473,6b33,707,0358,6668
44581,379c,708,0358,6668
44665,4cf6,709,0358,6668
44769,8b76,710,0358,6668
44873,f1b7,711,0358,6668
44911,a4e5,712,0358,6668
44929,878e,713,0358,6668
44931,2b12,714,0358,6668
45033,f1f2,715,0358,6668
45080,5f6e,716,0358,6668
45133,1723,717,0358,6668
45135,60d9,718,0358,6668
45142,8b26,719,0358,6668
45207,b0fa,720,0358,6668
45219,6ef1,721,0358,6668
45238,e1a3,722,0358,6668
45256,0496,723,0358,6668
45326,bfa8,724,0358,6668
45345,a7ef,725,0358,6668
45364,b5d9,726,0358,6668
45448,e5dd,727,0358,6668
45491,79a6,728,0358,6668
45504,7d24,729,0358,6668
45585,fae1,730,0358,6668
45636,c93b,731,0358,6668
45699,0554,732,0358,6668
45873,fa64,733,0358,6668
45905,68c5,734,0358,6668
45921,3e25,735,0358,6668
45942,9ffc,736,0358,6668
45969,bad3,737,0358,6668
45984,90c0,738,0358,6668
46046,3c4e,739,0358,6668
46159,9130,740,0358,6668
46193,aece,741,0358,6668
46224,3b0e,743,0358,6668
46366,3054,744,0358,6668
46462,47f8,745,0358,6668
46545,b040,746,0358,6668
46572,255a,747,0358,6668
46609,73c9,748,0358,6668
46660,c21d,749,0358,6668
46740,5ce6,750,0358,6668
46942,765a,751,0358,6668
47188,e11f,752,0358,6668
47252,ea6d,753,0358,6668
47253,c30f,754,0358,6668
47260,85ad,755,0358,6668
47340,0aa2,756,0358,6668
47352,591c,757,0358,6668
47448,7bfa,758,0358,6668
47469,1630,759,0358,6668
47539,8b8b,760,0358,6668
47556,6f9b,761,0358,6668
47564,b6a6,762,0358,6668
47628,fc65,763,0358,6668
47768,8d44,764,0358,6668
47796,fd11,765,0358,6668
47849,e55d,766,0358,6668
47876,e7a8,767,0358,6668
47998,8294,768,0358,6668
48024,e3ff,769,0358,6668
48037,fee4,770,0358,6668
48119,e595,771,0358,6668
48202,77b9,772,0358,6668
48325,a193,773,0358,6668
48631,2ac9,774,0358,6668
48678,a769,775,0358,6668
48686,38ec,776,0358,6668
48692,23c5,777,0358,6668
49037,79e4,778,0358,6668
49099,78e5,779,0358,6668
49117,5e34,780,0358,6668
49128,bdd7,781,0358,6668
49146,37de,782,0358,6668
49225,e0a4,783,0358,6668
49282,1847,784,0358,6668
49489,1ac3,785,0358,6668
49498,decf,786,0358,6668
49527,ffb5,787,0358,6668
49607,e392,788,0358,6668
49642,1778,789,0358,6668
49697,9639,790,0358,6668
49710,a9de,791,0358,6668
49920,20fa,792,0358,6668
49926,89aa,793,0358,6668
49928,d003,794,0358,6668
49984,9427,795,0358,6668
50033,c015,796,0358,6668
50038,5e07,797,0358,6668
50045,4b21,798,0358,6668
50205,bf19,799,0358,6668
50282,e882,800,0358,6668
50283,94c7,801,0358,6668
50298,65a3,802,0358,6668
50355,098a,803,0358,6668
50495,1da8,804,0358,6668
50598,14cb,805,0358,6668
50619,e227,806,0358,6668
50620,66e0,807,0358,6668
50694,e3d0,808,0358,6668
50891,295b,809,0358,6668
51115,d70c,810,0358,6668
51119,5495,811,0358,6668
51442,350b,812,0358,6668
51598,1d94,813,0358,6668
51678,1652,814,0358,6668
51716,da5d,815,0358,6668
51733,51cb,816,0358,6668
51736,8f11,817,0358,6668
51766,ac2e,818,0358,6668
51840,b46e,819,0358,6668
51901,31be,820,0358,6668
51968,189f,821,0358,6668
51975,e9f7,822,0358,6668
51996,29ea,823,0358,6668
51997,46ba,824,0358,6668
52018,c773,825,0358,6668
52065,c0a6,826,0358,6668
52066,b1df,827,0358,6668
52133,9ef8,828,0358,6668
52164,ea84,829,0358,6668
52216,7bba,830,0358,6668
52237,4f4d,831,0358,6668
52238,aa50,832,0358,6668
52262,8cbf,833,0358,6668
52277,dd65,834,0358,6668
52342,f256,835,0358,6668
52348,793e,836,0358,6668
52352,7327,837,0358,6668
52356,e9b7,838,0358,6668
52406,4753,839,0358,6668
52448,0a92,840,0358,6668
52493,808f,841,0358,6668
52554,ce3a,842,0358,6668
52585,ac65,843,0358,6668
52606,8c90,844,0358,6668
52692,3193,845,0358,6668
52696,f2b8,846,0358,6668
52698,553b,847,0358,6668
52713,86da,848,0358,6668
52748,50db,849,0358,6668
52797,6733,850,0358,6668
52819,1956,851,0358,6668
52856,8c97,852,0358,6668
52872,0762,853,0358,6668
52916,6f39,854,0358,6668
52988,9324,855,0358,6668
53002,b7b9,856,0358,6668
53045,2115,857,0358,6668
53146,dbbc,858,0358,6668
53165,44d1,859,0358,6668
53196,b8b8,860,0358,6668
53279,7eb8,861,0358,6668
53303,c683,862,0358,6668
53314,094b,863,0358,6668
53388,1d2b,864,0358,6668
53455,cf8b,865,0358,6668
53490,aeaf,866,0358,6668
53522,21d1,867,0358,6668
53544,f236,868,0358,6668
53600,8235,869,0358,6668
53629,3e3c,870,0358,6668
53678,cd95,871,0358,6668
53791,79ed,872,0358,6668
53792,bc5d,873,0358,6668
53804,9a75,874,0358,6668
53873,18fc,875,0358,6668
53885,d13b,876,0358,6668
54179,576f,877,0358,6668
54239,d961,878,0358,6668
54260,a542,879,0358,6668
54284,5fec,880,0358,6668
54302,f225,881,0358,6668
54346,6986,882,0358,6668
54429,b101,883,0358,6668
54469,9ce7,884,0358,6668
54634,979b,885,0358,6668
54662,8faf,886,0358,6668
54709,2638,887,0358,6668
54760,3e4a,888,0358,6668
54838,91ce,889,0358,6668
54849,b573,890,0358,6668
54946,b3f8,891,0358,6668
55022,a1d9,892,0358,6668
55043,b0a7,893,0358,6668
55133,a86d,894,0358,6668
55149,fee8,895,0358,6668
55161,2ef2,896,0358,6668
55164,025a,897,0358,6668
55328,51e4,898,0358,6668
55705,7367,899,0358,6668
55782,e1e5,900,0358,6668
55812,fd56,901,0358,6668
55817,912f,902,0358,6668
55833,5f2f,903,0358,6668
55883,600a,904,0358,6668
55930,c894,905,0358,6668
55942,5a00,906,0358,6668
56164,c43b,907,0358,6668
56185,fece,908,0358,6668
56218,4345,909,0358,6668
56219,826a,910,0358,6668
56388,f044,911,0358,6668
56462,997e,912,0358,6668
56492,cf92,913,0358,6668
56493,d211,914,0358,6668
56533,8762,915,0358,6668
56685,79c8,916,0358,6668
56717,81dc,917,0358,6668
56864,c8df,918,0358,6668
56928,2b0d,919,0358,6668
57086,c765,920,0358,6668
57279,3526,921,0358,6668
57395,3871,922,0358,6668
57469,9a15,923,0358,6668
57577,dd65,924,0358,6668
57765,8695,925,0358,6668
57828,17eb,926,0358,6668
57866,f06d,927,0358,6668
58008,d77e,928,0358,6668
58301,4191,929,0358,6668
58343,947c,930,0358,6668
58445,353b,931,0358,6668
58532,0496,932,0358,6668
58543,b1a7,933,0358,6668
58621,fc35,934,0358,6668
58642,6807,935,0358,6668
58911,eef7,936,0358,6668
58938,70b7,937,0358,6668
58984,2162,938,0358,6668
59138,275f,939,0358,6668
59148,aeb7,940,0358,6668
59206,ede1,941,0358,6668
59209,539b,942,0358,6668
59228,e623,943,0358,6668
59282,2816,944,0358,6668
59296,c9ca,945,0358,6668
59349,e8fc,946,0358,6668
59392,6bbc,947,0358,6668
59510,09ec,948,0358,6668
59516,3658,949,0358,6668
59583,fa7f,950,0358,6668
59588,e677,951,0358,6668
59636,8774,952,0358,6668
59674,4b76,953,0358,6668
59703,312c,954,0358,6668
59715,25a5,955,0358,6668
59750,65ea,956,0358,6668
59924,c826,957,0358,6668
60072,debf,958,0358,6668
60106,fe75,959,0358,6668
60203,71e5,960,0358,6668
60235,0e65,961,0358,6668
60312,bd3e,962,0358,6668
60336,7db6,963,0358,6668
60516,e84d,964,0358,6668
60580,c25a,965,0358,6668
60594,1f44,966,0358,6668
60617,b3fd,967,0358,6668
60638,0569,968,0358,6668
60751,d9b1,969,0358,6668
60870,c9b9,970,0358,6668
60898,28bc,971,0358,6668
60958,bddb,972,0358,6668
61008,1b4a,973,0358,6668
61027,e3f2,974,0358,6668
61064,34b8,975,0358,6668
61102,e8f5,976,0358,6668
61103,b816,977,0358,6668
61197,d9fd,978,0358,6668
61206,4305,979,0358,6668
61224,069b,980,0358,6668
61269,bd85,981,0358,6668
61278,b150,982,0358,6668
61302,00bc,983,0358,6668
61306,c0c9,984,0358,6668
61417,63cf,985,0358,6668
61449,33c0,986,0358,6668
61531,3dbe,987,0358,6668
61588,83ec,988,0358,6668
61627,b13e,989,0358,6668
61676,33ef,990,0358,6668
61706,d59b,991,0358,6668
61784,22cb,993,0358,6668
61823,ceda,994,0358,6668
61825,bad0,995,0358,6668
61829,c364,996,0358,6668
61848,0591,997,0358,6668
61866,b94c,998,0358,6668
61942,90d9,999,0358,6668
62065,e7d0,1000,0358,6668
62123,2151,1001,0358,6668
62129,1d01,1002,0358,6668
62204,daff,1003,0358,6668
62301,cd4d,1004,0358,6668
62323,1b35,1005,0358,6668
62342,6f1c,1006,0358,6668
62385,b74c,1007,0358,6668
62388,0ef2,1008,0358,6668
62389,4b0a,1009,0358,6668
62395,a6ec,1010,0358,6668
62404,693c,1011,0358,6668
62461,1d3c,1012,0358,6668
62581,09ee,1013,0358,6668
62598,0275,1014,0358,6668
62602,3189,1015,0358,6668
62643,34da,1016,0358,6668
62646,3d11,1017,0358,6668
62743,0768,1018,0358,6668
62858,30fa,1019,0358,6668
62957,fded,1020,0358,6668
63054,20f7,1021,0358,6668
63058,3141,1022,0358,6668
63115,b90a,1023,0358,6668
63297,b326,1024,0358,6668
63309,b6d9,1025,0358,6668
63386,692d,1026,0358,6668
63447,b187,1027,0358,6668
63447,aa53,1028,0358,6668
63479,5d78,1029,0358,6668
63541,3f85,1030,0358,6668
63580,0792,1031,0358,6668
63644,1e2e,1032,0358,6668
63655,3f95,1033,0358,6668
63772,cca2,1034,0358,6668
63823,ef24,1035,0358,6668
63875,f0e5,1036,0358,6668
63987,e115,1037,0358,6668
64061,b334,1038,0358,6668
64103,27de,1039,0358,6668
64175,44c2,1040,0358,6668
64225,2bc9,1041,0358,6668
64230,bb67,1042,0358,6668
64343,0da1,1043,0358,6668
64369,5f2a,1044,0358,6668
64464,d348,1045,0358,6668
64583,c766,1046,0358,6668
64593,3437,1047,0358,6668
64692,64b4,1048,0358,6668
64728,ad30,1049,0358,6668
64754,4aee,1050,0358,6668
64889,73d8,1051,0358,6668
64897,620f,1052,0358,6668
65015,9ef9,1053,0358,6668
65147,f4f9,1054,0358,6668
65167,abf1,1055,0358,6668
65229,6e73,1056,0358,6668
65361,02cb,1057,0358,6668
65456,3b04,1058,0358,6668
65515,a1ef,1059,0358,6668
65551,8b73,1060,0358,6668
65687,6484,1061,0358,6668
65769,6531,1062,0358,6668
65926,b30e,1063,0358,6668
66082,62fd,1064,0358,6668
66101,c4bf,1065,0358,6668
66252,8a91,1066,0358,6668
66261,8e02,1067,0358,6668
66294,c4ad,1068,0358,6668
66515,3f90,1069,0358,6668
66520,db73,1070,0358,6668
66552,7daa,1071,0358,6668
66589,e5a0,1072,0358,6668
66694,c44c,1073,0358,6668
66782,909b,1074,0358,6668
66789,33c4,1075,0358,6668
66801,6707,1076,0358,6668
66936,88a0,1077,0358,6668
66996,76a5,1078,0358,6668
67050,828f,1079,0358,6668
67165,ce64,1080,0358,6668
67249,bb5f,1081,0358,6668
67278,5cd7,1082,0358,6668
67296,40f3,1083,0358,6668
67318,9b64,1084,0358,6668
67378,a4d4,1085,0358,6668
67474,f647,1086,0358,6668
67537,b98f,1087,0358,6668
67573,d950,1088,0358,6668
67702,5a62,1089,0358,6668
67718,86d3,1090,0358,6668
67940,4783,1091,0358,6668
68018,4749,1092,0358,6668
68036,a3ea,1093,0358,6668
68215,662c,1094,0358,6668
68227,1a08,1095,0358,6668
68247,810b,1096,0358,6668
68317,a5c1,1097,0358,6668
68323,2cf3,1098,0358,6668
68368,4e9d,1099,0358,6668
68391,cf32,1100,0358,6668
68419,0a90,1101,0358,6668
68466,65a9,1102,0358,6668
68522,8ce5,1103,0358,6668
68678,9c0a,1104,0358,6668
68823,0927,1105,0358,6668
68869,073d,1106,0358,6668
69098,4087,1107,0358,6668
69107,14e1,1108,0358,6668
69231,d57c,1109,0358,6668
69356,4be5,1110,0358,6668
69415,1369,1111,0358,6668
69483,6dc4,1112,0358,6668
69484,c1c0,1113,0358,6668
69644,805e,1114,0358,6668
69651,3e4a,1115,0358,6668
69665,13aa,1116,0358,6668
69682,3c52,1117,0358,6668
69807,1bce,1118,0358,6668
69858,2483,1119,0358,6668
69877,bdc8,1120,0358,6668
69987,5e9f,1121,0358,6668
70114,cca1,1122,0358,6668
70262,6038,1123,0358,6668
70324,0777,1124,0358,6668
70330,e0a0,1125,0358,6668
70397,c558,1126,0358,6668
70496,77fd,1127,0358,6668
70502,e5e3,1129,0358,6668
70557,d8e9,1130,0358,6668
70558,ce01,1131,0358,6668
70598,3a35,1132,0358,6668
70673,0a7b,1133,0358,6668
70749,4bef,1134,0358,6668
70759,c7a5,1135,0358,6668
70769,75ee,1136,0358,6668
70833,666d,1137,0358,6668
70875,d50c,1138,0358,6668
70891,4d6e,1139,0358,6668
70918,2073,1140,0358,6668
70962,1bde,1141,0358,6668
70993,64aa,1142,0358,6668
71050,45cc,1143,0358,6668
71077,6907,1144,0358,6668
71198,3603,1145,0358,6668
71210,592a,1146,0358,6668
71234,2857,1147,0358,6668
71269,beb1,1148,0358,6668
71405,41b6,1149,0358,6668
71453,f9fa,1150,0358,6668
71475,0046,1151,0358,6668
71613,e6e3,1152,0358,6668
71631,d7a5,1153,0358,6668
71669,d9d6,1154,0358,6668
71700,e6f8,1155,0358,6668
71741,7916,1156,0358,6668
71778,6acc,1157,0358,6668
71790,5a5e,1158,0358,6668
71794,7922,1159,0358,6668
71795,d82d,1160,0358,6668
71798,6076,1161,0358,6668
71875,7962,1162,0358,6668
71895,ee91,1163,0358,6668
71931,0c3e,1164,0358,6668
71957,3087,1165,0358,6668
71974,63c0,1166,0358,6668
72029,ebef,1167,0358,6668
72060,3c33,1168,0358,6668
72154,a90f,1169,0358,6668
72162,dd2a,1170,0358,6668
72169,30c4,1171,0358,6668
72170,0beb,1172,0358,6668
72181,80e8,1173,0358,6668
72204,483a,1174,0358,6668
72230,f847,1175,0358,6668
72537,e11b,1176,0358,6668
72554,442a,1177,0358,6668
72580,196a,1178,0358,6668
72594,cfc2,1179,0358,6668
72748,cce5,1180,0358,6668
72773,ba9c,1181,0358,6668
72818,5bc3,1182,0358,6668
72963,2b49,1183,0358,6668
73073,18d1,1184,0358,6668
73129,c3df,1185,0358,6668
73175,dc9a,1186,0358,6668
73257,cf5c,1187,0358,6668
73353,76a3,1188,0358,6668
73372,7a1c,1189,0358,6668
73462,3240,1190,0358,6668
73506,fb47,1191,0358,6668
73545,86f8,1192,0358,6668
73654,a963,1193,0358,6668
73832,2c1f,1194,0358,6668
73861,4fed,1195,0358,6668
73974,e750,1196,0358,6668
74009,5fbb,1197,0358,6668
74090,a58d,1198,0358,6668
74232,4575,1199,0358,6668
74243,260d,1200,0358,6668
74368,73b2,1201,0358,6668
74383,4fb4,1202,0358,6668
74403,1791,1203,0358,6668
74649,0c8e,1204,0358,6668
74715,16f3,1205,0358,6668
74774,a808,1206,0358,6668
75005,869c,1207,0358,6668
75100,260f,1208,0358,6668
75175,e683,1209,0358,6668
75221,f903,1210,0358,6668
75320,c0c5,1211,0358,6668
75368,b9e3,1212,0358,6668
75369,d6a3,1213,0358,6668
75391,2cb1,1214,0358,6668
75405,9d06,1215,0358,6668
75495,3361,1216,0358,6668
75692,b1ff,1217,0358,6668
75696,51b6,1218,0358,6668
75728,83f2,1219,0358,6668
75729,501a,1220,0358,6668
75731,8e41,1221,0358,6668
75737,863a,1222,0358,6668
75775,b6ee,1223,0358,6668
75785,b03b,1224,0358,6668
75821,94d1,1225,0358,6668
75826,18e8,1226,0358,6668
75853,e5fb,1227,0358,6668
75877,bbbd,1228,0358,6668
75922,290d,1229,0358,6668
75929,2d2b,1230,0358,6668
75949,cf41,1231,0358,6668
76015,cd4d,1232,0358,6668
76017,4648,1233,0358,6668
76029,585e,1234,0358,6668
76042,ff89,1235,0358,6668
76079,5019,1236,0358,6668
76320,a5c4,1237,0358,6668
76385,e736,1238,0358,6668
76429,d48b,1239,0358,6668
76535,0bd7,1240,0358,6668
76555,ace8,1241,0358,6668
76777,81e1,1242,0358,6668
76781,5240,1243,0358,6668
76790,d12d,1244,0358,6668
76891,4818,1245,0358,6668
76918,4dbf,1246,0358,6668
76978,5028,1247,0358,6668
76984,c114,1248,0358,6668
77042,db04,1249,0358,6668
77047,ca39,1250,0358,6668
77078,b71b,1251,0358,6668
77125,9195,1252,0358,6668
77315,d5ad,1253,0358,6668
77441,ee39,1254,0358,6668
77470,7aa1,1255,0358,6668
77583,2df6,1256,0358,6668
77621,2ff3,1257,0358,6668
77852,805e,1258,0358,6668
78038,0099,1259,0358,6668
78110,227c,1260,0358,6668
78137,e301,1261,0358,6668
78171,97c4,1262,0358,6668
78179,751c,1263,0358,6668
78287,7dd9,1264,0358,6668
78364,5f54,1265,0358,6668
78532,8b58,1266,0358,6668
78615,40c6,1267,0358,6668
78658,b185,1268,0358,6668
78666,52b3,1269,0358,6668
78888,c8a6,1270,0358,6668
78926,d374,1271,0358,6668
78971,2f00,1272,0358,6668
79003,d851,1273,0358,6668
79101,4157,1274,0358,6668
79135,8464,1275,0358,6668
79196,ad7d,1276,0358,6668
79210,bdfa,1277,0358,6668
79292,9602,1278,0358,6668
79298,bd1d,1279,0358,6668
79307,8569,1280,0358,6668
79427,d488,1281,0358,6668
79467,0004,1282,0358,6668
79557,94bc,1283,0358,6668
79587,ba94,1284,0358,6668
79604,417b,1285,0358,6668
79628,c889,1286,0358,6668
79689,f480,1287,0358,6668
79717,0add,1288,0358,6668
79768,430c,1289,0358,6668
79773,a1df,1290,0358,6668
79790,0126,1291,0358,6668
79893,cc52,1292,0358,6668
79960,8a32,1293,0358,6668
